   0.000000000000000E+00   8.409244447100001E-01   8.409244447100001E-01   7.071539217100000E-01  -4.733983214000000E-02   7.609143937900000E+00   0.000000000000000E+00
   1.827669825400000E-16   8.391947048600000E-01   8.426488844500000E-01   7.093904797200000E-01  -4.733943263700000E-02   7.609185230600000E+00   3.000000000000000E+00
   5.932377313000000E-16   8.365901553400000E-01   8.452255612100000E-01   7.127328154200000E-01  -4.733733543100000E-02   7.609402008000000E+00   3.000000000000000E+00
   5.550483111700000E-16   8.339736877300000E-01   8.477901586300000E-01   7.160598605500000E-01  -4.733344017100000E-02   7.609804609400000E+00   3.000000000000000E+00
   4.652104379200000E-16   8.330253203500000E-01   8.487139182400000E-01   7.172584022500000E-01  -4.733159000000000E-02   7.609995822700000E+00   3.000000000000000E+00
   6.141262584600000E-16   8.277501925800000E-01   8.537964334900000E-01   7.238536300500000E-01  -4.731710140000000E-02   7.611492886200000E+00   3.000000000000000E+00
   5.066662153600000E-16   8.224299288600000E-01   8.588275751300000E-01   7.303839440100000E-01  -4.729540363800000E-02   7.613733796800000E+00   3.000000000000000E+00
   3.616880722500000E-16   8.170668533000000E-01   8.638070176900000E-01   7.368474047200000E-01  -4.726648391500000E-02   7.616718626400000E+00   3.000000000000000E+00
   3.982054525600000E-16   8.116624465600000E-01   8.687327249700000E-01   7.432409612200001E-01  -4.723032340000000E-02   7.620447667900000E+00   3.000000000000000E+00
   8.459506035200000E-16   8.062196830100000E-01   8.736032573400000E-01   7.495611464400000E-01  -4.718689869400000E-02   7.624921293900000E+00   3.000000000000000E+00
   6.455394486500000E-16   8.007363400000000E-01   8.784169247700000E-01   7.558090918200000E-01  -4.713618192100000E-02   7.630139960400000E+00   3.000000000000000E+00
   5.891170219400000E-16   7.952159895299999E-01   8.831728849300000E-01   7.619807340400000E-01  -4.707814082500000E-02   7.636104212500000E+00   3.000000000000000E+00
   4.021134449400000E-16   7.896596661200000E-01   8.878720953800000E-01   7.680723467600000E-01  -4.701273888400000E-02   7.642814689700000E+00   3.000000000000000E+00
   4.019366741700000E-16   7.840704545700000E-01   8.925098481600000E-01   7.740865012200000E-01  -4.693993544700000E-02   7.650272132700000E+00   3.000000000000000E+00
   5.703197579000000E-16   7.784490138000000E-01   8.970865348000000E-01   7.800184784400001E-01  -4.685968586700000E-02   7.658477390500000E+00   3.000000000000000E+00
   7.615101656200000E-16   7.727989299900000E-01   9.016027569100000E-01   7.858660802700000E-01  -4.677194167100000E-02   7.667431428500000E+00   3.000000000000000E+00
   6.544308969100000E-16   7.671168723600000E-01   9.060546435100000E-01   7.916290084700000E-01  -4.667665072000000E-02   7.677135336900000E+00   3.000000000000000E+00
   8.127251444400000E-16   7.614057285800000E-01   9.104424017900000E-01   7.973043118900000E-01  -4.657375739800000E-02   7.687590340200000E+00   3.000000000000000E+00
   6.438818964800000E-16   7.556671652800000E-01   9.147673411500000E-01   8.028918350000001E-01  -4.646320279800000E-02   7.698797806200000E+00   3.000000000000000E+00
   4.559406945000000E-16   7.499063717200000E-01   9.190246300700000E-01   8.083891652200000E-01  -4.634492493400000E-02   7.710759256900000E+00   3.000000000000000E+00
   5.756843627500000E-16   7.441225551900000E-01   9.232150719900000E-01   8.137941550800000E-01  -4.621885894700000E-02   7.723476379000000E+00   3.000000000000000E+00
   5.591187319600000E-16   7.383178952000000E-01   9.273392239700000E-01   8.191056097300000E-01  -4.608493732600000E-02   7.736951034800000E+00   3.000000000000000E+00
   5.163061988400000E-16   7.324925686400000E-01   9.313938057800000E-01   8.243249842000000E-01  -4.594309014300000E-02   7.751185273900000E+00   3.000000000000000E+00
   5.467001840700000E-16   7.266449723600000E-01   9.353791397800000E-01   8.294505232000000E-01  -4.579324528300000E-02   7.766181345100000E+00   3.000000000000000E+00
   6.918330081800000E-16   7.207773784700000E-01   9.392956180199999E-01   8.344774781700000E-01  -4.563532869100000E-02   7.781941708300000E+00   3.000000000000000E+00
   6.403362952900000E-16   7.148981921300001E-01   9.431411977400000E-01   8.394049065800000E-01  -4.546926461600000E-02   7.798469047300000E+00   3.000000000000000E+00
   7.771694046700000E-16   7.090048620600000E-01   9.469164033000000E-01   8.442370321300000E-01  -4.529497586600000E-02   7.815766282300000E+00   3.000000000000000E+00
   7.786844787300000E-16   7.030982852100000E-01   9.506185284100001E-01   8.489682107500000E-01  -4.511238406600000E-02   7.833836583100000E+00   3.000000000000000E+00
   7.331929395000000E-16   6.971811186700000E-01   9.542480634500000E-01   8.535998087400000E-01  -4.492148343200000E-02   7.852676137000000E+00   3.000000000000000E+00
   6.106780990000000E-16   6.912525105500000E-01   9.578055039300000E-01   8.581300763900001E-01  -4.472207373100000E-02   7.872300532900000E+00   3.000000000000000E+00
   4.871641897100000E-16   6.853189985900000E-01   9.612895759600000E-01   8.625532402100000E-01  -4.451409884700000E-02   7.892711354700000E+00   3.000000000000000E+00
   4.174447341500000E-16   6.793723204400000E-01   9.646997324800000E-01   8.668808170000000E-01  -4.429750086800000E-02   7.913910679400000E+00   3.000000000000000E+00
   6.002202072300000E-16   6.734198809700001E-01   9.680353070900000E-01   8.711034676900000E-01  -4.407219947200000E-02   7.935903124200000E+00   3.000000000000000E+00
   9.707077094900000E-16   6.674630631300000E-01   9.712952588600000E-01   8.752187975800000E-01  -4.383811475100000E-02   7.958693637500000E+00   3.000000000000000E+00
   6.535760474800000E-16   6.615032018200000E-01   9.744803946900000E-01   8.792323637700000E-01  -4.359516749400000E-02   7.982287512400000E+00   3.000000000000000E+00
   7.533763811400000E-16   6.555416466700000E-01   9.775896930200000E-01   8.831389958700000E-01  -4.334327945700000E-02   8.006690401300000E+00   3.000000000000000E+00
   6.216090774100000E-16   6.495886042000000E-01   9.806223512800000E-01   8.869398584500000E-01  -4.308237363900000E-02   8.031908329700000E+00   3.000000000000000E+00
   7.341946920200000E-16   6.436249089000000E-01   9.835789076500000E-01   8.906332508400000E-01  -4.281237456200000E-02   8.057947711100001E+00   3.000000000000000E+00
   4.740340302300000E-16   6.376633768000000E-01   9.864585970899999E-01   8.942180915700000E-01  -4.253320854600000E-02   8.084815361400000E+00   3.000000000000000E+00
   4.275015815700000E-16   6.317121740100000E-01   9.892604349300000E-01   8.977000414100000E-01  -4.224480398600000E-02   8.112518513300000E+00   3.000000000000000E+00
   6.287129185700000E-16   6.257578169900000E-01   9.919854936500000E-01   9.010745835000000E-01  -4.194709163600000E-02   8.141064831900000E+00   3.000000000000000E+00
   5.325067859800000E-16   6.198093968000000E-01   9.946328433900000E-01   9.043396349300000E-01  -4.164000488000000E-02   8.170462429300001E+00   3.000000000000000E+00
   3.843493454300000E-16   6.138705014100000E-01   9.972019068700000E-01   9.074896279900000E-01  -4.132348002100000E-02   8.200719879899999E+00   3.000000000000000E+00
   4.845944136000000E-16   6.079373033700000E-01   9.996931081900000E-01   9.105422638900000E-01  -4.099745655500000E-02   8.231846236100001E+00   3.000000000000000E+00
   7.005693640700000E-16   6.020136970800000E-01   1.002105921700000E+00   9.134847707700000E-01  -4.066187745600000E-02   8.263851043900001E+00   3.000000000000000E+00
   5.441307742500000E-16   5.960997535100000E-01   1.004439393200000E+00   9.163147103700000E-01  -4.031668945900000E-02   8.296744359200000E+00   3.000000000000000E+00
   5.252586765400000E-16   5.901991487200000E-01   1.006694787200000E+00   9.190392106300000E-01  -3.996184334300000E-02   8.330536763900000E+00   3.000000000000000E+00
   7.212925884900000E-16   5.843116670000000E-01   1.008872764200000E+00   9.216530351600000E-01  -3.959729421400000E-02   8.365239382400000E+00   3.000000000000000E+00
   3.233482991800000E-16   5.784442150700000E-01   1.010973479600000E+00   9.241526471100000E-01  -3.922300179500000E-02   8.400863899300001E+00   3.000000000000000E+00
   2.477699988400000E-16   5.725880685700000E-01   1.012994101600000E+00   9.265516428500000E-01  -3.883893070700000E-02   8.437422575999999E+00   3.000000000000000E+00
   1.203573733900000E-16   5.667484211300000E-01   1.014935719000000E+00   9.288398449500000E-01  -3.844505076500000E-02   8.474928269299999E+00   3.000000000000000E+00
   4.133724150200000E-16   5.609182907600000E-01   1.016798602700000E+00   9.310169019100000E-01  -3.804133726100000E-02   8.513394449400000E+00   3.000000000000000E+00
   3.737715129300000E-16   5.551124428400001E-01   1.018581799700000E+00   9.330857950100000E-01  -3.762777125800000E-02   8.552835218800000E+00   3.000000000000000E+00
   3.252622268200000E-16   5.493265700500000E-01   1.020285673200000E+00   9.350438665700000E-01  -3.720433988100000E-02   8.593265331500000E+00   3.000000000000000E+00
   3.712293770600000E-16   5.435621299800000E-01   1.021910148400000E+00   9.368955643700000E-01  -3.677103660900000E-02   8.634700213700000E+00   3.000000000000000E+00
   7.609328689500000E-17   5.378203774000000E-01   1.023454929700000E+00   9.386363004900000E-01  -3.632786157400000E-02   8.677155983600001E+00   3.000000000000000E+00
   3.425596840500000E-16   5.321018503300000E-01   1.024920118800000E+00   9.402664868400000E-01  -3.587482185000000E-02   8.720649473200000E+00   3.000000000000000E+00
   4.544869657700000E-16   5.264048782800000E-01   1.026304575600000E+00   9.417940156600000E-01  -3.541193175100000E-02   8.765198250499999E+00   3.000000000000000E+00
   3.955500442900000E-16   5.207356790800000E-01   1.027609999600000E+00   9.432085524200000E-01  -3.493921312800000E-02   8.810820641899999E+00   3.000000000000000E+00
   5.589829105000000E-16   5.150930372700000E-01   1.028835594600000E+00   9.445130684600000E-01  -3.445669566400000E-02   8.857535756200001E+00   3.000000000000000E+00
   2.739292651000000E-16   5.094805977300000E-01   1.029988637600000E+00   9.457151168200000E-01  -3.396441717000000E-02   8.905363509300001E+00   3.000000000000000E+00
   5.218379334200000E-16   5.038940061800000E-01   1.031061634400000E+00   9.468035587700000E-01  -3.346242388100000E-02   8.954324649100000E+00   3.000000000000000E+00
   4.000505451700000E-16   4.983373473100000E-01   1.032055268600000E+00   9.477827057400000E-01  -3.295077074900000E-02   9.004440782800000E+00   3.000000000000000E+00
   4.784253644400000E-16   4.928096877800000E-01   1.032969588500000E+00   9.486677530199999E-01  -3.242952173500000E-02   9.055734403900001E+00   3.000000000000000E+00
   4.106030865200000E-16   4.873161882800000E-01   1.033803840600000E+00   9.494346833500000E-01  -3.189875010300000E-02   9.108228920900000E+00   3.000000000000000E+00
   4.881956376600000E-16   4.818557945200000E-01   1.034558626400000E+00   9.500933402500000E-01  -3.135853870200000E-02   9.161948687700001E+00   3.000000000000000E+00
   3.431837415900000E-16   4.764345317000000E-01   1.035232019800000E+00   9.506588313900000E-01  -3.080898025200000E-02   9.216919033800000E+00   3.000000000000000E+00
   2.842465768200000E-16   4.710434077200000E-01   1.035834318400000E+00   9.511090656800000E-01  -3.025017762800000E-02   9.273166297600000E+00   3.000000000000000E+00
   5.849817614300000E-16   4.656885800400000E-01   1.036360930200000E+00   9.514523399400000E-01  -2.968224412900000E-02   9.330717859300000E+00   3.000000000000000E+00
   3.030676776200000E-16   4.603670418200000E-01   1.036809062500000E+00   9.516954942900000E-01  -2.910530374700000E-02   9.389602176900000E+00   3.000000000000000E+00
   5.042480294000000E-16   4.550886336800000E-01   1.037177893300000E+00   9.518296710200000E-01  -2.851949143500000E-02   9.449848822200000E+00   3.000000000000000E+00
   4.406035653500000E-16   4.498499092700000E-01   1.037468057700000E+00   9.518584432600000E-01  -2.792495335800000E-02   9.511488519500000E+00   3.000000000000000E+00
   3.148385587600000E-16   4.446518868800000E-01   1.037676825100000E+00   9.517927821300000E-01  -2.732184713600000E-02   9.574553185499999E+00   3.000000000000000E+00
   3.211537001000000E-16   4.394955544500000E-01   1.037819798000000E+00   9.516177893300000E-01  -2.671034209000000E-02   9.639075970400000E+00   3.000000000000000E+00
   2.741317270400000E-16   4.343821631800000E-01   1.037887450900000E+00   9.513393160700000E-01  -2.609061945800000E-02   9.705091301900000E+00   3.000000000000000E+00
   2.872713520700000E-16   4.293128957700000E-01   1.037877284000000E+00   9.509640074300000E-01  -2.546287261900000E-02   9.772634930200001E+00   3.000000000000000E+00
   4.648464208100000E-16   4.242887151300000E-01   1.037788575700000E+00   9.504859846700000E-01  -2.482730729100000E-02   9.841743974900000E+00   3.000000000000000E+00
   4.322615968400000E-16   4.193107559400000E-01   1.037622496700000E+00   9.499067928000000E-01  -2.418414172400000E-02   9.912456974600000E+00   3.000000000000000E+00
   2.229852528400000E-16   4.143830530900000E-01   1.037393536500000E+00   9.492274267500000E-01  -2.353360687100000E-02   9.984813937400000E+00   3.000000000000000E+00
   3.033676669200000E-16   4.094974725500000E-01   1.037089828500000E+00   9.484531498000000E-01  -2.287594655400000E-02   1.005885639400000E+01   3.000000000000000E+00
   3.309035669200000E-16   4.046611103600000E-01   1.036710203400000E+00   9.475804554200000E-01  -2.221141760700000E-02   1.013462745500000E+01   3.000000000000000E+00
   3.709771373200000E-16   3.998740263400000E-01   1.036250680100000E+00   9.466044942100000E-01  -2.154028999800000E-02   1.021217186500000E+01   3.000000000000000E+00
   2.843726709300000E-16   3.951407748200000E-01   1.035731646700000E+00   9.455424963600000E-01  -2.086284694800000E-02   1.029153606400000E+01   3.000000000000000E+00
   2.214919051800000E-16   3.904600007900000E-01   1.035143349700000E+00   9.443853439100000E-01  -2.017938501600000E-02   1.037276825000000E+01   3.000000000000000E+00
   3.535685326300000E-16   3.858396277400000E-01   1.034479609800000E+00   9.431290070600000E-01  -1.949021417100000E-02   1.045591844100000E+01   3.000000000000000E+00
   2.440980211600000E-16   3.812625236600000E-01   1.033741535300000E+00   9.417813854900000E-01  -1.879565784800000E-02   1.054103854300000E+01   3.000000000000000E+00
   3.983138505700000E-16   3.767383213600000E-01   1.032946852400000E+00   9.403424363800000E-01  -1.809605297500000E-02   1.062818241700000E+01   3.000000000000000E+00
   1.592754605800000E-16   3.722708593200000E-01   1.032085688400000E+00   9.388318219200000E-01  -1.739174998600000E-02   1.071740594900000E+01   3.000000000000000E+00
   2.635581002500000E-16   3.678598271600000E-01   1.031150763000000E+00   9.372215893800000E-01  -1.668311280400000E-02   1.080876712300000E+01   3.000000000000000E+00
   2.077616877100000E-16   3.635069112400000E-01   1.030146564200000E+00   9.355245662400000E-01  -1.597051881600000E-02   1.090232609400000E+01   3.000000000000000E+00
   3.186519946300000E-16   3.592210714600000E-01   1.029096794200000E+00   9.337419606000000E-01  -1.525435880500000E-02   1.099814526300000E+01   3.000000000000000E+00
   2.462722912500000E-16   3.549890649800000E-01   1.027973865800000E+00   9.318789050500000E-01  -1.453503687600000E-02   1.109628935500000E+01   3.000000000000000E+00
   1.865261255000000E-16   3.508087118700000E-01   1.026782891700000E+00   9.299343479900000E-01  -1.381297034700000E-02   1.119682549400000E+01   3.000000000000000E+00
   2.510355241000000E-16   3.466938676400000E-01   1.025544639400000E+00   9.279008759700000E-01  -1.308858962100000E-02   1.129982328700000E+01   3.000000000000000E+00
   2.551071739100000E-16   3.426354663600000E-01   1.024245342700000E+00   9.257963082800000E-01  -1.236233802800000E-02   1.140535489300000E+01   3.000000000000000E+00
   2.056350098900000E-16   3.386400357000000E-01   1.022881405100000E+00   9.236163933300000E-01  -1.163467164100000E-02   1.151349511100000E+01   3.000000000000000E+00
   2.202996094600000E-16   3.347103073900000E-01   1.021467739600000E+00   9.213860853300000E-01  -1.090605906900000E-02   1.162432145000000E+01   3.000000000000000E+00
   1.609294922100000E-16   3.308398995200000E-01   1.020003598500000E+00   9.190669445500000E-01  -1.017698121200000E-02   1.173791420900000E+01   3.000000000000000E+00
   1.615987401300000E-16   3.270344862600000E-01   1.018478783800000E+00   9.166795725500000E-01  -9.447930993300000E-03   1.185435654600000E+01   3.000000000000000E+00
   1.334537321900000E-16   3.232956488300000E-01   1.016909556500000E+00   9.142265024800000E-01  -8.719413051700001E-03   1.197373455100000E+01   3.000000000000000E+00
   2.228110057500000E-16   3.196225853200000E-01   1.015293568300000E+00   9.117105886400000E-01  -7.991943402300000E-03   1.209613730900000E+01   3.000000000000000E+00
   1.842395538100000E-16   3.160106622700000E-01   1.013621502500000E+00   9.091346283000000E-01  -7.266049055500000E-03   1.222165696000000E+01   3.000000000000000E+00
   1.148357737300000E-16   3.124547718000000E-01   1.011916006300000E+00   9.065070946500000E-01  -6.542267593100000E-03   1.235038875100000E+01   3.000000000000000E+00
   1.242483288500000E-16   3.089659927500000E-01   1.010166614900000E+00   9.038209395700000E-01  -5.821146696900000E-03   1.248243107700000E+01   3.000000000000000E+00
   6.666718121000000E-17   3.055448612000000E-01   1.008366587500000E+00   9.010840870500000E-01  -5.103243622500000E-03   1.261788551900000E+01   3.000000000000000E+00
   5.037018396600000E-17   3.021977640100000E-01   1.006541851600000E+00   8.983124136000000E-01  -4.389124612800000E-03   1.275685686000000E+01   3.000000000000000E+00
   3.805461350600000E-17   2.989102354500000E-01   1.004682184900000E+00   8.954907367200000E-01  -3.679364244900000E-03   1.289945309600000E+01   3.000000000000000E+00
   3.182367292000000E-17   2.956778480600000E-01   1.002778324000000E+00   8.926289810900000E-01  -2.974544696800000E-03   1.304578542300000E+01   3.000000000000000E+00
   4.424605132900000E-17   2.925165397500000E-01   1.000851481000000E+00   8.897234954400000E-01  -2.275254928100000E-03   1.319596821300000E+01   3.000000000000000E+00
   1.501689883600000E-17   2.894176683700000E-01   9.989063921000000E-01   8.867894032200000E-01  -1.582089765900000E-03   1.335011896100000E+01   3.000000000000000E+00
   8.476094077900000E-18   2.863870963200000E-01   9.969245601100000E-01   8.838271126800000E-01  -8.956488689400000E-04   1.350835822000000E+01   3.000000000000000E+00
   2.735068298400000E-18   2.834188694800000E-01   9.949307273000000E-01   8.808594017600000E-01  -2.165355772800000E-04   1.367080950500000E+01   3.000000000000000E+00
  -7.038523171600000E-18   2.805178544300000E-01   9.929037940500000E-01   8.778578981800000E-01   4.546443841500000E-04   1.383759916800000E+01   3.000000000000000E+00
  -7.420232772199999E-18   2.776845946500000E-01   9.908831367099999E-01   8.748414258500000E-01   1.117284356200000E-03   1.400885625300000E+01   3.000000000000000E+00
  -3.367205794100000E-17   2.749027689900000E-01   9.888320430700001E-01   8.717999022200000E-01   1.770778367600000E-03   1.418471231600000E+01   3.000000000000000E+00
  -5.129006993500000E-17   2.721835575600000E-01   9.867925040400000E-01   8.687647433900000E-01   2.414522943300000E-03   1.436530122000000E+01   3.000000000000000E+00
  -4.779049016800000E-17   2.695310069000000E-01   9.847337791700000E-01   8.657333958800000E-01   3.047919115600000E-03   1.455075889600000E+01   3.000000000000000E+00
  -7.504687966099999E-17   2.669400206500000E-01   9.826797274400000E-01   8.627234335500000E-01   3.670374647800000E-03   1.474122309000000E+01   3.000000000000000E+00
  -6.017444846100001E-17   2.644058318400000E-01   9.806301764899999E-01   8.597054452200000E-01   4.281306484000000E-03   1.493683306700000E+01   3.000000000000000E+00
  -8.906916682900000E-17   2.619366486200000E-01   9.785710973600000E-01   8.567021198400000E-01   4.880143424500000E-03   1.513772931400000E+01   3.000000000000000E+00
  -8.850080309500000E-17   2.595193979700000E-01   9.765393070300000E-01   8.537101716000000E-01   5.466329034600000E-03   1.534405322200000E+01   3.000000000000000E+00
  -1.259870995600000E-16   2.571666353500000E-01   9.745259627000000E-01   8.507552862500000E-01   6.039324773200000E-03   1.555594676000000E+01   3.000000000000000E+00
  -1.760062786300000E-16   2.548767067800000E-01   9.725219796200000E-01   8.478308522600000E-01   6.598613329400000E-03   1.577355216100000E+01   3.000000000000000E+00
  -1.425005901300000E-16   2.526267614500000E-01   9.705395680200000E-01   8.449368894600000E-01   7.143702138900000E-03   1.599701162100000E+01   3.000000000000000E+00
  -1.666692850400000E-16   2.504422024000000E-01   9.685833514500000E-01   8.420896049600000E-01   7.674127047300000E-03   1.622646703000000E+01   3.000000000000000E+00
  -1.783443816500000E-16   2.482984075100000E-01   9.666452991900000E-01   8.392882137800000E-01   8.189456063600000E-03   1.646205975100000E+01   3.000000000000000E+00
  -1.869514402000000E-16   2.462153090600000E-01   9.647489223200000E-01   8.365352789100000E-01   8.689293152800001E-03   1.670393045400000E+01   3.000000000000000E+00
  -1.069284647800000E-16   2.441846350500000E-01   9.629026854000000E-01   8.338406439400000E-01   9.173281984299999E-03   1.695221904200000E+01   3.000000000000000E+00
  -1.362728893200000E-16   2.422119581100000E-01   9.610777122300000E-01   8.312061294000000E-01   9.641109561800001E-03   1.720706466200000E+01   3.000000000000000E+00
  -1.712764239800000E-16   2.402744997800000E-01   9.593052946800000E-01   8.286330481700001E-01   1.009250963200000E-02   1.746860583300000E+01   3.000000000000000E+00
  -2.168961175300000E-16   2.383962754500000E-01   9.575588582300000E-01   8.261281554400000E-01   1.052726578400000E-02   1.773698069800000E+01   3.000000000000000E+00
  -2.268956007200000E-16   2.365676388700000E-01   9.558908343700000E-01   8.236951717100000E-01   1.094521412800000E-02   1.801232741300000E+01   3.000000000000000E+00
  -2.748031819500000E-16   2.347758828000000E-01   9.542571092800000E-01   8.213485491300000E-01   1.134624547700000E-02   1.829478467500000E+01   3.000000000000000E+00
  -1.947808633300000E-16   2.330412035400000E-01   9.526777040900000E-01   8.190712452200000E-01   1.173030691900000E-02   1.858449239800000E+01   3.000000000000000E+00
  -2.477192609100000E-16   2.313397291400000E-01   9.511432660100000E-01   8.168746940500000E-01   1.209740273300000E-02   1.888159252500000E+01   3.000000000000000E+00
  -2.018466722800000E-16   2.296930602400000E-01   9.496820608400000E-01   8.147683092900000E-01   1.244759457700000E-02   1.918622998100000E+01   3.000000000000000E+00
  -2.545575491600000E-16   2.280857924400000E-01   9.482788012600000E-01   8.127410952700000E-01   1.278100091700000E-02   1.949855373100000E+01   3.000000000000000E+00
  -2.046146820800000E-16   2.265204041000000E-01   9.469144860699999E-01   8.107996101300000E-01   1.309779571100000E-02   1.981871795400000E+01   3.000000000000000E+00
  -2.506686385600000E-16   2.250011576800000E-01   9.456240860000000E-01   8.089507433200001E-01   1.339820634100000E-02   2.014688328900000E+01   3.000000000000000E+00
  -7.587651440900000E-17   2.235270997000000E-01   9.444047754100000E-01   8.071845192100000E-01   1.368251086000000E-02   2.048321813500000E+01   3.000000000000000E+00
  -1.951866124200000E-16   2.221603037000000E-01   9.432945693100000E-01   8.055905618000000E-01   1.393739012000000E-02   2.080968190600000E+01   3.000000000000000E+00
  -3.195133133000000E-16   2.207638398600000E-01   9.421696209900000E-01   8.039884827700000E-01   1.419128050600000E-02   2.116242359100000E+01   3.000000000000000E+00
  -2.794297318800000E-16   2.194108638700000E-01   9.411253207300000E-01   8.024821221200000E-01   1.443016230200000E-02   2.152391295700000E+01   3.000000000000000E+00
  -2.627674498200000E-16   2.180948579300000E-01   9.401309867900000E-01   8.010599765999999E-01   1.465445821500000E-02   2.189433830400000E+01   3.000000000000000E+00
  -3.322214641500000E-16   2.168212525000000E-01   9.391937449700000E-01   7.997037212500000E-01   1.486463864700000E-02   2.227392596400000E+01   3.000000000000000E+00
  -2.645014212500000E-16   2.155879769700000E-01   9.383084013600000E-01   7.984368083500000E-01   1.506119894800000E-02   2.266291773300000E+01   3.000000000000000E+00
  -2.378356958500000E-16   2.143930534300000E-01   9.374729272100000E-01   7.972571733300000E-01   1.524465453400000E-02   2.306157199900000E+01   3.000000000000000E+00
  -3.130093964800000E-16   2.132394748500000E-01   9.367100480900000E-01   7.961605324000000E-01   1.541553613600000E-02   2.347016482100000E+01   3.000000000000000E+00
  -4.246662279800000E-16   2.121303033800000E-01   9.359739206700000E-01   7.951235951600000E-01   1.557438525500000E-02   2.388899094100000E+01   3.000000000000000E+00
  -3.674028382600000E-16   2.110529703700000E-01   9.353181168600000E-01   7.941566650100000E-01   1.572174989100000E-02   2.431836473900000E+01   3.000000000000000E+00
  -2.209924671300000E-16   2.100191380400000E-01   9.346819402100000E-01   7.932877346100000E-01   1.585818059900000E-02   2.475862115300000E+01   3.000000000000000E+00
  -3.073189820800000E-16   2.090270207000000E-01   9.341094048900001E-01   7.924651958600000E-01   1.598422691400000E-02   2.521011655800000E+01   3.000000000000000E+00
  -2.265075793500000E-16   2.080700367800000E-01   9.335802770800000E-01   7.917043383900000E-01   1.610043414500000E-02   2.567322963600000E+01   3.000000000000000E+00
  -3.930970830000000E-16   2.071543719700000E-01   9.330808585600000E-01   7.909885103299999E-01   1.620734056800000E-02   2.614836223800000E+01   3.000000000000000E+00
  -4.226772816500000E-16   2.062781742800000E-01   9.326326828100000E-01   7.903345909500000E-01   1.630547499400000E-02   2.663594025900000E+01   3.000000000000000E+00
  -4.530178854700000E-16   2.054380263400000E-01   9.321989790800000E-01   7.897323878400000E-01   1.639535470500000E-02   2.713641454300000E+01   3.000000000000000E+00
  -3.391700489500000E-16   2.046379883500000E-01   9.318295609600000E-01   7.892114125300000E-01   1.647748373300000E-02   2.765026181900000E+01   3.000000000000000E+00
  -4.289223271200000E-16   2.038755291800000E-01   9.314853087100000E-01   7.887103041800000E-01   1.655235146200000E-02   2.817798571600000E+01   3.000000000000000E+00
  -3.107488536700000E-16   2.031504698300000E-01   9.311484507100000E-01   7.882519955900000E-01   1.662043150900000E-02   2.872011781400000E+01   3.000000000000000E+00
  -1.222105329700000E-16   2.024628806700000E-01   9.308807780600000E-01   7.878517616200000E-01   1.668218086600000E-02   2.927721880700000E+01   3.000000000000000E+00
  -3.881207961700000E-16   2.018093800300000E-01   9.306072010200001E-01   7.874830194000000E-01   1.673803926300000E-02   2.984987974100000E+01   3.000000000000000E+00
  -3.376907445900000E-16   2.011951256800000E-01   9.303736599500000E-01   7.871492178400000E-01   1.678842872400000E-02   3.043872335900000E+01   3.000000000000000E+00
  -3.521115231700000E-16   2.006123196900000E-01   9.301587426400000E-01   7.868372794900000E-01   1.683375328300000E-02   3.104440556600000E+01   3.000000000000000E+00
  -3.260171835100000E-16   2.000676197400000E-01   9.299705083000001E-01   7.865703112200000E-01   1.687439829600000E-02   3.166760808000000E+01   3.000000000000000E+00
  -4.195546936000000E-16   1.995534494700000E-01   9.298102486900000E-01   7.863308398600000E-01   1.691072687800000E-02   3.230896629900000E+01   3.000000000000000E+00
  -4.570112189600000E-16   1.990740765800000E-01   9.296366518400000E-01   7.860983634499999E-01   1.694310020000000E-02   3.296945237400000E+01   3.000000000000000E+00
  -5.248235756200000E-16   1.986260270700000E-01   9.295219955900000E-01   7.858967178600000E-01   1.697184345000000E-02   3.364976597400000E+01   3.000000000000000E+00
  -6.429977779000000E-16   1.982099571100000E-01   9.293970449000000E-01   7.857158030100000E-01   1.699727047600000E-02   3.435075546300000E+01   3.000000000000000E+00
  -2.839487068500000E-16   1.978226382600000E-01   9.292948269100000E-01   7.856028629800000E-01   1.701967757200000E-02   3.507331418200000E+01   3.000000000000000E+00
  -5.317852651100000E-16   1.974667190100000E-01   9.292021034100000E-01   7.854678623600000E-01   1.703934374600000E-02   3.581838298400000E+01   3.000000000000000E+00
  -5.343138327200000E-16   1.971358037700000E-01   9.290956328100000E-01   7.853474330200000E-01   1.705653102900000E-02   3.658695306000000E+01   3.000000000000000E+00
  -2.254823288700000E-16   1.968335763200000E-01   9.290303016300000E-01   7.852526051199999E-01   1.707148480400000E-02   3.738006894400000E+01   3.000000000000000E+00
  -5.395795526700000E-16   1.965576817400000E-01   9.289919117800000E-01   7.851604690000000E-01   1.708443416400000E-02   3.819883180400000E+01   3.000000000000000E+00
  -9.410551486300001E-16   1.963044161900000E-01   9.289332099199999E-01   7.850780212000000E-01   1.709559228800000E-02   3.904440298400000E+01   3.000000000000000E+00
  -8.185565291200000E-16   1.960766305700000E-01   9.288952296000000E-01   7.850250055500000E-01   1.710515684600000E-02   3.991800785200000E+01   3.000000000000000E+00
  -8.065499777600000E-16   1.958689168800000E-01   9.288455118700000E-01   7.849741174300000E-01   1.711331043300000E-02   4.082094000100000E+01   3.000000000000000E+00
  -9.655755233000000E-16   1.956828505400000E-01   9.288051146800000E-01   7.849298371000000E-01   1.712022101500000E-02   4.175456574400000E+01   3.000000000000000E+00
  -8.748596567100000E-16   1.955167807500000E-01   9.287679382400000E-01   7.848701238800000E-01   1.712604242300000E-02   4.272032904800000E+01   3.000000000000000E+00
  -9.122519829600000E-16   1.953678705300000E-01   9.287703136000000E-01   7.848450621700001E-01   1.713091486500000E-02   4.371975688600000E+01   3.000000000000000E+00
  -1.207925983700000E-15   1.952368334300000E-01   9.287502501200000E-01   7.848239726300000E-01   1.713496547600000E-02   4.475446502900000E+01   3.000000000000000E+00
  -1.256373089900000E-15   1.951208965500000E-01   9.287375282300000E-01   7.847775537200000E-01   1.713830889600000E-02   4.582616436500000E+01   3.000000000000000E+00
  -1.298311568500000E-15   1.950193722600000E-01   9.286952203300000E-01   7.847441922800000E-01   1.714104788900000E-02   4.693666779600000E+01   3.000000000000000E+00
  -1.667238279600000E-15   1.949315412700000E-01   9.287113989700000E-01   7.847394908400001E-01   1.714327398200000E-02   4.808789769600000E+01   2.000000000000000E+00
  -2.983421656600000E-15   1.948550227300000E-01   9.287072795200000E-01   7.847625471300000E-01   1.714506814500000E-02   4.928189409300000E+01   3.000000000000000E+00
  -3.539830439000000E-15   1.947895749000000E-01   9.286799731599999E-01   7.847537167100000E-01   1.714650148200000E-02   5.052082358100000E+01   3.000000000000000E+00
  -1.521797481000000E-14   1.947334851700000E-01   9.286850457700000E-01   7.847443873000000E-01   1.714763595500000E-02   5.180698901900000E+01   3.000000000000000E+00
   1.484666450100000E-14   1.946863393000000E-01   9.286884121200000E-01   7.847112682300000E-01   1.714852510900000E-02   5.314284016600000E+01   2.000000000000000E+00
   4.366355425300000E-15   1.946465955500000E-01   9.286498976499999E-01   7.846909533100001E-01   1.714921481200000E-02   5.453098526100000E+01   2.000000000000000E+00
   3.568792779000000E-15   1.946137091000000E-01   9.286824207800000E-01   7.846886194400000E-01   1.714974398800000E-02   5.597420374800000E+01   3.000000000000000E+00
   1.835473832600000E-15   1.945865960300000E-01   9.286717060600000E-01   7.847147619100000E-01   1.715014533900000E-02   5.747546016700000E+01   3.000000000000000E+00
   1.564983391600000E-15   1.945642152600000E-01   9.286619093200000E-01   7.847010139000000E-01   1.715044605300000E-02   5.903791935600000E+01   3.000000000000000E+00
   6.100500041600000E-16   1.945462283400000E-01   9.286808120600000E-01   7.846836455500000E-01   1.715066847900000E-02   6.066496321200000E+01   2.000000000000000E+00
   9.231802223400000E-16   1.945318901400000E-01   9.286485698600000E-01   7.847118353200000E-01   1.715083077200000E-02   6.236020902000000E+01   2.000000000000000E+00
   1.045182900400000E-15   1.945205865500000E-01   9.286736445600000E-01   7.846994284400000E-01   1.715094749400000E-02   6.412752959300001E+01   2.000000000000000E+00
   6.266306845500000E-16   1.945116404000000E-01   9.286727120500000E-01   7.846827953500000E-01   1.715103017100000E-02   6.597107553200000E+01   2.000000000000000E+00
   8.302684874600000E-16   1.945047104700000E-01   9.286708605300000E-01   7.847051702500000E-01   1.715108779200000E-02   6.789529967100000E+01   3.000000000000000E+00
   8.105299640700000E-16   1.944994660500000E-01   9.286550545700000E-01   7.847135512500000E-01   1.715112726900000E-02   6.990498402500000E+01   3.000000000000000E+00
   9.306795548099999E-16   1.944955419500000E-01   9.286785107300000E-01   7.847193594100000E-01   1.715115382800000E-02   7.200526970800000E+01   2.000000000000000E+00
   4.646059006200000E-16   1.944927187800000E-01   9.286707382500000E-01   7.847223622100000E-01   1.715117135500000E-02   7.420168988899999E+01   3.000000000000000E+00
   5.631541441600000E-16   1.944905503000000E-01   9.286718958100000E-01   7.847199026700000E-01   1.715118268600000E-02   7.650020638600000E+01   3.000000000000000E+00
   3.811909850600000E-16   1.944889920500000E-01   9.286434708900000E-01   7.847132495400000E-01   1.715118985400000E-02   7.890725028200001E+01   2.000000000000000E+00
   4.031184056800000E-16   1.944879006900000E-01   9.286764192700000E-01   7.847185985300000E-01   1.715119428400000E-02   8.142976706300000E+01   2.000000000000000E+00
   3.939390535200000E-16   1.944871578500000E-01   9.286377926600000E-01   7.847105516500000E-01   1.715119695500000E-02   8.407526694700000E+01   2.000000000000000E+00
   2.141331703200000E-16   1.944866570800000E-01   9.286777333200000E-01   7.846972240200000E-01   1.715119852400000E-02   8.685188090900000E+01   2.000000000000000E+00
   2.407713067000000E-16   1.944863668900000E-01   9.286763510600000E-01   7.846953509400000E-01   1.715119941900000E-02   8.976842343200001E+01   3.000000000000000E+00
   2.232061311900000E-16   1.944861300000000E-01   9.286348964600000E-01   7.847074821500000E-01   1.715119991600000E-02   9.283446267200000E+01   3.000000000000000E+00
   3.187900954500000E-16   1.944859827100000E-01   9.286778176400000E-01   7.847163370200000E-01   1.715120018200000E-02   9.606039924300001E+01   2.000000000000000E+00
   2.798031950400000E-16   1.944858928500000E-01   9.286743237100000E-01   7.847173907000000E-01   1.715120032000000E-02   9.945755472600000E+01   3.000000000000000E+00
   1.974266342800000E-16   1.944858422300000E-01   9.286415418700000E-01   7.847217510500000E-01   1.715120038900000E-02   1.030381453800000E+02   3.000000000000000E+00
   1.476587283800000E-16   1.944858124100000E-01   9.286783382400000E-01   7.847213105600001E-01   1.715120042200000E-02   1.068134118300000E+02   2.000000000000000E+00
   1.473770885900000E-16   1.944857972800000E-01   9.286516356500000E-01   7.847217060700000E-01   1.715120043700000E-02   1.108027872400000E+02   2.000000000000000E+00
   1.828032567500000E-16   1.944857869500000E-01   9.286741791999999E-01   7.847212506600000E-01   1.715120044400000E-02   1.150200663300000E+02   2.000000000000000E+00
   1.132545728300000E-16   1.944857811800000E-01   9.286564714400000E-01   7.847147042900000E-01   1.715120044700000E-02   1.194829550700000E+02   2.000000000000000E+00
   1.060816525000000E-16   1.944857784200000E-01   9.286518519000000E-01   7.847008175000000E-01   1.715120044800000E-02   1.242109168100000E+02   2.000000000000000E+00
   9.687363028300000E-17   1.944857769200000E-01   9.286757470000000E-01   7.847131314200000E-01   1.715120044800000E-02   1.292253831200000E+02   2.000000000000000E+00
   1.239325297600000E-16   1.944857762100000E-01   9.286476504500000E-01   7.847205093200000E-01   1.715120044900000E-02   1.345499980500000E+02   2.000000000000000E+00
   1.373071687100000E-16   1.944857757700000E-01   9.286601425600000E-01   7.846866065800000E-01   1.715120044900000E-02   1.402108979800000E+02   2.000000000000000E+00
   1.117832431400000E-16   1.944857756900000E-01   9.286722738199999E-01   7.846560293800000E-01   1.715120044900000E-02   1.462370340500000E+02   2.000000000000000E+00
   9.000097945400000E-17   1.944857756700000E-01   9.286520942800000E-01   7.846750584900000E-01   1.715120044900000E-02   1.526605441800000E+02   2.000000000000000E+00
   9.428130001900000E-17   1.944857732800000E-01   9.286482555400000E-01   7.847053469300000E-01   1.715120044900000E-02   1.595171839000000E+02   2.000000000000000E+00
   1.043424358800000E-16   1.944857745100000E-01   9.286730055500000E-01   7.847171563799999E-01   1.715120044900000E-02   1.668468266900000E+02   2.000000000000000E+00
   9.714913815800000E-17   1.944857751600000E-01   9.286511877900000E-01   7.847221313900000E-01   1.715120044900000E-02   1.746940471700000E+02   2.000000000000000E+00
   7.121590079600000E-17   1.944857750400000E-01   9.286766008300000E-01   7.846610096300000E-01   1.715120044900000E-02   1.831088028900000E+02   2.000000000000000E+00
   7.644647688000001E-17   1.944857753500000E-01   9.286574329300000E-01   7.846797014100000E-01   1.715120044900000E-02   1.921472346200000E+02   2.000000000000000E+00
   9.567287262200000E-17   1.944857755200000E-01   9.286618426700000E-01   7.847011139300000E-01   1.715120044900000E-02   2.018720202800000E+02   2.000000000000000E+00
   6.118135339600001E-17   1.944857722500000E-01   9.286625156500000E-01   7.846702638500000E-01   1.715120044900000E-02   2.123421684100000E+02   2.000000000000000E+00
   5.528118443300000E-17   1.944857741000000E-01   9.286760383100000E-01   7.846701941999999E-01   1.715120044900000E-02   2.236643327600000E+02   2.000000000000000E+00
   5.767202535600000E-17   1.944857750400000E-01   9.286161887200000E-01   7.846955475700000E-01   1.715120044900000E-02   2.359181318300000E+02   2.000000000000000E+00
   3.176865676400000E-17   1.944857747000000E-01   9.286607812400000E-01   7.846827463500000E-01   1.715120044900000E-02   2.492087786700000E+02   2.000000000000000E+00
   3.506444809300000E-17   1.944857753800000E-01   9.286774866400000E-01   7.846561034800000E-01   1.715120044900000E-02   2.636568237200000E+02   2.000000000000000E+00
   3.729760892500000E-17   1.944857756100000E-01   9.286297196100000E-01   7.846867880100000E-01   1.715120044900000E-02   2.794008903500000E+02   2.000000000000000E+00
   3.468480584800000E-17   1.944857744300000E-01   9.286776762100000E-01   7.846941836100000E-01   1.715120044900000E-02   2.966010318800000E+02   2.000000000000000E+00
   4.150970098400000E-17   1.944857753300000E-01   9.286668963400000E-01   7.847143837500000E-01   1.715120044900000E-02   3.154428410500000E+02   2.000000000000000E+00
   4.269160905800000E-17   1.944857756100000E-01   9.286160407700000E-01   7.847221917700000E-01   1.715120044900000E-02   3.361425110800000E+02   2.000000000000000E+00
   2.786919876600000E-17   1.944857749300000E-01   9.286768382300000E-01   7.847190991500000E-01   1.715120044900000E-02   3.589531089700000E+02   2.000000000000000E+00
   2.702648082900000E-17   1.944857755000000E-01   9.286552236300000E-01   7.847206313100000E-01   1.715120044900000E-02   3.841724055400000E+02   2.000000000000000E+00
   3.158498233300000E-17   1.944857756600000E-01   9.286205448300000E-01   7.847011465600000E-01   1.715120044900000E-02   4.121527211500000E+02   2.000000000000000E+00
   2.718520346300000E-17   1.944857732600000E-01   9.286515406600000E-01   7.847106124600000E-01   1.715120044900000E-02   4.122534758600000E+02   2.000000000000000E+00
   2.680915119300000E-17   1.944857751000000E-01   9.286239338300000E-01   7.846729132900000E-01   1.715120044900000E-02   4.433416113300000E+02   2.000000000000000E+00
   1.966090263100000E-17   1.944857755700000E-01   9.286445670300000E-01   7.846737918200000E-01   1.715120044900000E-02   4.781880447000000E+02   2.000000000000000E+00
   2.229781442900000E-17   1.944857750500000E-01   9.286547139700000E-01   7.847168748600000E-01   1.715120044900000E-02   5.173239122200000E+02   2.000000000000000E+00
   1.305281312400000E-17   1.944857755600000E-01   9.286584537200000E-01   7.847204848100000E-01   1.715120044900000E-02   5.614852592300000E+02   2.000000000000000E+00
   1.875925804000000E-17   1.944857756800000E-01   9.286761487600000E-01   7.846930077499999E-01   1.715120044900000E-02   6.115740976000000E+02   2.000000000000000E+00
   2.318091289000000E-17   1.944857588800000E-01   9.286518963000000E-01   7.847163773700000E-01   1.715120044900000E-02   6.257563775600000E+02   2.000000000000000E+00
   1.095567936900000E-17   1.944857725200000E-01   9.286315335200001E-01   7.846754074900000E-01   1.715120044900000E-02   6.846953013999999E+02   2.000000000000000E+00
   1.607626626700000E-17   1.944857752400000E-01   9.286233962300000E-01   7.846680408100000E-01   1.715120044900000E-02   7.526925542000000E+02   2.000000000000000E+00
   1.174058974000000E-17   1.944857624600000E-01   9.286309278900000E-01   7.847033137300000E-01   1.715120044900000E-02   8.314008028600000E+02   2.000000000000000E+00
   9.239973795099999E-18   1.944857738700000E-01   9.286123198900000E-01   7.847221822300000E-01   1.715120044900000E-02   9.232046692400000E+02   2.000000000000000E+00
   7.030870796600000E-18   1.944857755300000E-01   9.285633230700000E-01   7.846935771100000E-01   1.715120044800000E-02   1.031197793000000E+03   2.000000000000000E+00
   1.061362562000000E-17   1.944857739100000E-01   9.286757566000000E-01   7.847034847100000E-01   1.715120044900000E-02   1.159450951800000E+03   2.000000000000000E+00
   1.151934554400000E-17   1.944857739500000E-01   9.286750680800000E-01   7.847039837300001E-01   1.715120044900000E-02   1.160827746100000E+03   2.000000000000000E+00
   1.043401191500000E-17   1.944857755900000E-01   9.286228952300000E-01   7.847210543200001E-01   1.715120044900000E-02   1.313846395600000E+03   2.000000000000000E+00
   7.747926323099999E-18   1.944857647500000E-01   9.286737517900000E-01   7.847096297900000E-01   1.715120044900000E-02   1.501017210600000E+03   2.000000000000000E+00
   6.506982606200000E-18   1.944857749800000E-01   9.286547846400000E-01   7.846214000800000E-01   1.715120044900000E-02   1.731702494900000E+03   2.000000000000000E+00
   4.215650290900000E-18   1.944857756800000E-01   9.285616736100000E-01   7.847043730600000E-01   1.715120044800000E-02   2.020669151300000E+03   2.000000000000000E+00
   6.445639070100000E-18   1.944857743200000E-01   9.286732304600001E-01   7.847033893100001E-01   1.715120044900000E-02   2.389647132400000E+03   2.000000000000000E+00
   3.829509397800000E-18   1.944857756800000E-01   9.285384680400000E-01   7.846534992200001E-01   1.715120044800000E-02   2.871714455000000E+03   2.000000000000000E+00
   4.193394909200000E-18   1.944857756700000E-01   9.286545601600000E-01   7.847221937600000E-01   1.715120044300000E-02   3.519389725000000E+03   2.000000000000000E+00
   2.956504565200000E-18   1.944857756600000E-01   9.286331956100000E-01   7.847103841200000E-01   1.715120044900000E-02   3.924279076200000E+03   2.000000000000000E+00
   3.056580798600000E-18   1.944857757000000E-01   9.286647256100000E-01   7.847197675699999E-01   1.715120044900000E-02   4.399070418700000E+03   2.000000000000000E+00
   1.181272944800000E-18   1.944857757100000E-01   9.286769783300000E-01   7.846656358300000E-01   1.715120044900000E-02   4.966185196200000E+03   2.000000000000000E+00
   1.472242215200000E-18   1.944857756200000E-01   9.286468003800000E-01   7.846571532800000E-01   1.715120044900000E-02   5.651474759900000E+03   2.000000000000000E+00
   1.795283550700000E-18   1.944857757100000E-01   9.286779939599999E-01   7.847153990900000E-01   1.715120044900000E-02   6.490548552100000E+03   2.000000000000000E+00
   1.685285121000000E-18   1.944857757100000E-01   9.286619067700000E-01   7.847047122500000E-01   1.715120044900000E-02   7.533672680900000E+03   2.000000000000000E+00
   1.362557230100000E-18   1.944857747100000E-01   9.286190102600000E-01   7.846889633400000E-01   1.715120044900000E-02   8.853754016000001E+03   2.000000000000000E+00
   1.292828444800000E-18   1.944857756900000E-01   9.286775833799999E-01   7.846771158700000E-01   1.715120044800000E-02   1.055998190900000E+04   2.000000000000000E+00
   9.196108656899999E-19   1.944857756900000E-01   9.285820743500000E-01   7.847199181900000E-01   1.715120044500000E-02   1.282230996000000E+04   2.000000000000000E+00
   5.896408982700000E-19   1.944857757000000E-01   9.286013949200000E-01   7.846451155300000E-01   1.715120044900000E-02   1.591810699500000E+04   2.000000000000000E+00
   4.720867275800000E-19   1.944857757100000E-01   9.285737517600000E-01   7.847033378400000E-01   1.715120044900000E-02   1.788086145300000E+04   2.000000000000000E+00
   3.822723600800000E-19   1.944857757000000E-01   9.285524514200000E-01   7.847213690800000E-01   1.715120044800000E-02   2.020700942800000E+04   2.000000000000000E+00
   2.316407738000000E-19   1.944857756500000E-01   9.286157608600000E-01   7.846690315400000E-01   1.715120044900000E-02   2.298557331900000E+04   2.000000000000000E+00
   1.813823822900000E-19   1.944857757100000E-01   9.286568825300000E-01   7.847206914500000E-01   1.715120044900000E-02   3.075982578800000E+04   2.000000000000000E+00
   1.105764790800000E-19   1.944857757000000E-01   9.285610901500000E-01   7.846304263700000E-01   1.715120044800000E-02   3.633299587800000E+04   2.000000000000000E+00
   1.854027365600000E-19   1.944857756800000E-01   9.286268640300001E-01   7.847127834900000E-01   1.715120044900000E-02   4.344519582800000E+04   2.000000000000000E+00
   1.999711980900000E-19   1.944857756200000E-01   9.286641293100000E-01   7.847221271900000E-01   1.715120044900000E-02   4.084727169700000E+04   2.000000000000000E+00
   1.829568925500000E-19   1.944857757100000E-01   9.285695282999999E-01   7.846610601700000E-01   1.715120044900000E-02   5.465906444500000E+04   2.000000000000000E+00
   1.535894757800000E-19   1.944857756700000E-01   9.286043528100000E-01   7.847018566100000E-01   1.715120044900000E-02   6.455352915900000E+04   2.000000000000000E+00
   1.557497251300000E-19   1.944857757100000E-01   9.286694062200000E-01   7.846943654000000E-01   1.715120044900000E-02   8.480016207999999E+04   2.000000000000000E+00
   7.302521950300000E-20   1.944857757000000E-01   9.286765498400000E-01   7.847204434600000E-01   1.715120044700000E-02   9.895010374399999E+04   2.000000000000000E+00
   7.582898176300000E-20   1.944857756300000E-01   9.286656000900000E-01   7.847201989900000E-01   1.715120044900000E-02   1.166860715400000E+05   2.000000000000000E+00
   7.489450750000000E-20   1.944857757100000E-01   9.285993913400000E-01   7.846704892900001E-01   1.715120044900000E-02   1.397377666100000E+05   2.000000000000000E+00
   5.315998348300000E-20   1.944857756900000E-01   9.286701789400000E-01   7.846461983300000E-01   1.715120044600000E-02   1.705195199900000E+05   2.000000000000000E+00
   4.143822765800000E-20   1.944857756900000E-01   9.286343950400000E-01   7.846161551300000E-01   1.715120044900000E-02   2.130179474100000E+05   2.000000000000000E+00
   4.188544459100000E-20   1.944857757100000E-01   9.286545133300000E-01   7.846819018000000E-01   1.715120044900000E-02   2.378600950000000E+05   2.000000000000000E+00
   3.339750217900000E-20   1.944857757000000E-01   9.285280394900000E-01   7.847189527500000E-01   1.715120044700000E-02   2.879014465400000E+05   2.000000000000000E+00
   2.242489583600000E-20   1.944857706900000E-01   9.286698950900000E-01   7.846460484000000E-01   1.715120044900000E-02   3.152009518400000E+05   2.000000000000000E+00
   2.083613403700000E-20   1.944857757000000E-01   9.286463678300000E-01   7.846744106800000E-01   1.715120044700000E-02   4.467415823300000E+05   2.000000000000000E+00
   1.620568442700000E-20   1.944857756600000E-01   9.285819557400000E-01   7.845723458700000E-01   1.715120044200000E-02   5.490746402600000E+05   2.000000000000000E+00
   1.327955625500000E-20   1.944857724900000E-01   9.286487774300000E-01   7.846920955300000E-01   1.715120044800000E-02   5.531224647300000E+05   2.000000000000000E+00
   1.160716402300000E-20   1.944857756000000E-01   9.286649120300000E-01   7.847200685700000E-01   1.715120044900000E-02   6.505709074800001E+05   2.000000000000000E+00
   1.256006277600000E-20   1.944857757100000E-01   9.285960847700000E-01   7.846566103100000E-01   1.715120045000000E-02   7.438893958100000E+05   2.000000000000000E+00
   1.295112855100000E-20   1.944857756000000E-01   9.286783099100000E-01   7.847203246000000E-01   1.715120044900000E-02   9.995641447300001E+05   2.000000000000000E+00
   8.935535511400001E-21   1.944857757100000E-01   9.286344968600000E-01   7.846778810400000E-01   1.715120044900000E-02   1.183889667400000E+06   2.000000000000000E+00
   6.243196190100000E-21   1.944857757000000E-01   9.286541802600000E-01   7.845930716000000E-01   1.715120044700000E-02   1.292686156500000E+06   2.000000000000000E+00
   9.734821701200001E-21   1.944857756900000E-01   9.286323599700000E-01   7.846704477400001E-01   1.715120044900000E-02   1.559395419800000E+06   2.000000000000000E+00
   4.331634748400000E-21   1.944857757100000E-01   9.285479213700000E-01   7.847038014400000E-01   1.715120044900000E-02   1.926999728200000E+06   2.000000000000000E+00
   4.912001684500000E-21   1.944857757000000E-01   9.286097422400000E-01   7.847218588400000E-01   1.715120044700000E-02   2.158992096200000E+06   2.000000000000000E+00
   3.172654054400000E-21   1.944857752300000E-01   9.286674509100000E-01   7.847206044500000E-01   1.715120044900000E-02   2.164894857600000E+06   2.000000000000000E+00
   2.618758260000000E-21   1.944857756900000E-01   9.286623687800000E-01   7.846418612000000E-01   1.715120044900000E-02   2.596289219700000E+06   2.000000000000000E+00
   2.434941793000000E-21   1.944857757100000E-01   9.286751928200000E-01   7.847215958400000E-01   1.715120044800000E-02   3.184050116000000E+06   2.000000000000000E+00
   3.932427410300000E-21   1.944857434300000E-01   9.286668711200000E-01   7.846754087100000E-01   1.715120044900000E-02   3.189643880500000E+06   2.000000000000000E+00
   3.710196624200000E-21   1.944857711300000E-01   9.286241409400000E-01   7.846890007200000E-01   1.715120044900000E-02   3.552640716300000E+06   2.000000000000000E+00
   2.573033766100000E-21   1.944857752600000E-01   9.286155596100000E-01   7.847211433000000E-01   1.715120044900000E-02   3.984354186900000E+06   2.000000000000000E+00
   2.271401281400000E-21   1.944857751500000E-01   9.286774792500000E-01   7.847123906100000E-01   1.715120044900000E-02   4.499997169500000E+06   2.000000000000000E+00
   1.184745679400000E-21   1.944857756800000E-01   9.285941440600000E-01   7.846855136100001E-01   1.715120044900000E-02   5.486086997900000E+06   2.000000000000000E+00
   1.875116320100000E-21   1.944857756700000E-01   9.286711483800000E-01   7.845519795900000E-01   1.715120044300000E-02   6.869119315800000E+06   2.000000000000000E+00
   1.587672856300000E-21   1.944857560500000E-01   9.286768532500000E-01   7.846769718200000E-01   1.715120044800000E-02   6.885476063800000E+06   2.000000000000000E+00
   7.570719631700000E-22   1.944857735900000E-01   9.286576759800000E-01   7.846935225600000E-01   1.715120044900000E-02   7.754731255500000E+06   1.000000000000000E+00
   8.790117403200000E-22   1.944857756800000E-01   9.286629550900000E-01   7.847118321900000E-01   1.715120044900000E-02   9.428996402000001E+06   1.000000000000000E+00
   1.062687825300000E-21   1.944857756600000E-01   9.286598617800000E-01   7.845613440100000E-01   1.715120044900000E-02   1.322282349300000E+07   2.000000000000000E+00
   6.740515665200000E-22   1.944857757000000E-01   9.285170439500000E-01   7.846906125699999E-01   1.715120044800000E-02   1.612869564800000E+07   2.000000000000000E+00
   6.316418311600000E-22   1.944857756700000E-01   9.286532674300000E-01   7.847203877600000E-01   1.715120044200000E-02   1.788801994700000E+07   2.000000000000000E+00
   7.178863929600000E-22   1.944857718400000E-01   9.286347299900000E-01   7.846975898500000E-01   1.715120044900000E-02   1.790213857300000E+07   2.000000000000000E+00
   6.526262719400000E-22   1.944857755800000E-01   9.286499561300000E-01   7.847174416900000E-01   1.715120044900000E-02   2.110128433700000E+07   2.000000000000000E+00
   5.546691587800000E-22   1.944857756900000E-01   9.286746758900000E-01   7.845914306600000E-01   1.715120044600000E-02   2.531717530400000E+07   2.000000000000000E+00
   4.318940091100000E-22   1.944857750000000E-01   9.286782447600000E-01   7.846730755300000E-01   1.715120044900000E-02   2.626511803300000E+07   2.000000000000000E+00
   2.691035359900000E-22   1.944857757000000E-01   9.285370999200000E-01   7.847212893500000E-01   1.715120044700000E-02   3.602699846800000E+07   2.000000000000000E+00
   2.054307588200000E-22   1.944857756900000E-01   9.286619843700000E-01   7.847119889100000E-01   1.715120044500000E-02   3.776664939600000E+07   2.000000000000000E+00
   5.112088225900000E-23   1.944857757000000E-01   9.286210438400000E-01   7.847221944400000E-01   1.715120044900000E-02   4.993384345600000E+07   2.000000000000000E+00
   1.114817306800000E-22   1.944857756500000E-01   9.286056699000000E-01   7.846627906700000E-01   1.715120044000000E-02   5.851483314200000E+07   2.000000000000000E+00
   1.228805948600000E-22   1.944857755400000E-01   9.285673070300000E-01   7.845330967600000E-01   1.715120042500000E-02   6.522439638400000E+07   2.000000000000000E+00
   1.486901469300000E-22   1.944857755500000E-01   9.285813137000000E-01   7.847138000400000E-01   1.715120044900000E-02   7.783131322700000E+07   2.000000000000000E+00
   8.838332435400000E-23   1.944857757000000E-01   9.286779721400000E-01   7.846083655700000E-01   1.715120044700000E-02   9.490075573700000E+07   2.000000000000000E+00
   8.934885451700000E-23   1.944857755900000E-01   9.285627795600000E-01   7.847178254100000E-01   1.715120043100000E-02   1.184445484100000E+08   2.000000000000000E+00
   7.594724842000000E-23   1.944857756200000E-01   9.286783517600000E-01   7.846638678700000E-01   1.715120044900000E-02   1.334591278900000E+08   2.000000000000000E+00
   7.180137665200000E-23   1.944857757000000E-01   9.286655366800000E-01   7.846848541300000E-01   1.715120044900000E-02   1.513323463600000E+08   2.000000000000000E+00
   8.120705182000000E-23   1.944857757000000E-01   9.286483105400000E-01   7.847218995000000E-01   1.715120044800000E-02   1.730850414900000E+08   2.000000000000000E+00
   5.095400906500000E-23   1.944857736400000E-01   9.286708930000001E-01   7.846562533200000E-01   1.715120044900000E-02   1.999425215200000E+08   2.000000000000000E+00
   5.190384609900000E-23   1.944857752600000E-01   9.286761778500000E-01   7.846331549800000E-01   1.715120044900000E-02   2.181223165200000E+08   2.000000000000000E+00
   4.229964885300000E-23   1.944857757100000E-01   9.286535792100000E-01   7.847118054900000E-01   1.715120045100000E-02   2.562925159000000E+08   2.000000000000000E+00
   1.840870302400000E-23   1.944857715700000E-01   9.286559211700000E-01   7.846245926900000E-01   1.715120044900000E-02   3.062892150000000E+08   2.000000000000000E+00
   2.858003514400000E-23   1.944857756500000E-01   9.285957728000001E-01   7.847172197400000E-01   1.715120044900000E-02   3.728273403300000E+08   2.000000000000000E+00
   1.958966850900000E-23   1.944857756600000E-01   9.285877492900000E-01   7.846531561800000E-01   1.715120044100000E-02   4.642823787700000E+08   2.000000000000000E+00
   1.673445117100000E-23   1.944857704500000E-01   9.286627114600000E-01   7.846975341300000E-01   1.715120044900000E-02   4.777546782500000E+08   2.000000000000000E+00
   1.713368350300000E-23   1.944857726800000E-01   9.286342285500000E-01   7.847076637100000E-01   1.715120044900000E-02   4.916749150500000E+08   1.000000000000000E+00
   2.807141268900000E-23   1.944857740000000E-01   9.286756026500000E-01   7.847153981600000E-01   1.715120044900000E-02   5.062123339300000E+08   2.000000000000000E+00
   1.131298217000000E-23   1.944842495600000E-01   9.286304669500000E-01   7.846919371200000E-01   1.715120045300000E-02   5.213946760100000E+08   1.000000000000000E+00
   1.131298217000000E-23   1.944842495600000E-01   9.286304669500000E-01   7.846919371200000E-01   1.715120045300000E-02   5.213946760100000E+08   2.000000000000000E+00

