   0.000000000000000E+00   4.051667928800000E-02   4.040487231600000E-02   1.632553706900000E-03   2.526333717200000E-03   2.000000000000000E+00
   1.000000100000000E-03   4.051667909200000E-02   4.040487212200000E-02   1.632553691200000E-03   2.526333693200000E-03   1.000000000000000E+00
   2.000000200000000E-03   4.051667909200000E-02   4.040487212200000E-02   1.632553691200000E-03   2.526333693200000E-03   1.000000000000000E+00
   4.000000400000000E-03   4.051667909200000E-02   4.040487212200000E-02   1.632553691200000E-03   2.526333693200000E-03   1.000000000000000E+00
   8.000000800000000E-03   4.051667909200000E-02   4.040487212200000E-02   1.632553691200000E-03   2.526333693200000E-03   1.000000000000000E+00
   1.400000140000000E-02   4.051667909200000E-02   4.040487212200000E-02   1.632553691200000E-03   2.526333693200000E-03   1.000000000000000E+00
   2.000000200000000E-02   4.051667909200000E-02   4.040487212200000E-02   1.632553691200000E-03   2.526333693200000E-03   1.000000000000000E+00
   2.600000260000000E-02   4.051667909200000E-02   4.040487212200000E-02   1.632553691200000E-03   2.526333693200000E-03   1.000000000000000E+00
   3.200000320000000E-02   4.051667909200000E-02   4.040487212200000E-02   1.632553691200000E-03   2.526333693200000E-03   1.000000000000000E+00
   3.800000380000000E-02   4.051667909200000E-02   4.040487212200000E-02   1.632553691200000E-03   2.526333693200000E-03   1.000000000000000E+00
   4.400000440000000E-02   4.051667909200000E-02   4.040487212200000E-02   1.632553691200000E-03   2.526333693200000E-03   1.000000000000000E+00
   5.000000500000000E-02   4.051667909200000E-02   4.040487212200000E-02   1.632553691200000E-03   2.526333693200000E-03   1.000000000000000E+00
   5.600000560000000E-02   4.051667909200000E-02   4.040487212200000E-02   1.632553691200000E-03   2.526333693200000E-03   1.000000000000000E+00
   6.200000620000000E-02   4.051667909200000E-02   4.040487212200000E-02   1.632553691200000E-03   2.526333693200000E-03   1.000000000000000E+00
   6.800000680000000E-02   4.051667909200000E-02   4.040487212200000E-02   1.632553691200000E-03   2.526333693200000E-03   1.000000000000000E+00
   7.400000740000000E-02   4.051667909200000E-02   4.040487212200000E-02   1.632553691200000E-03   2.526333693200000E-03   1.000000000000000E+00
   8.000000800000000E-02   4.051667909200000E-02   4.040487212200000E-02   1.632553691200000E-03   2.526333693200000E-03   1.000000000000000E+00
   8.600000860000000E-02   4.051667909200000E-02   4.040487212200000E-02   1.632553691200000E-03   2.526333693200000E-03   1.000000000000000E+00
   9.200000920000000E-02   4.051667909200000E-02   4.040487212200000E-02   1.632553691200000E-03   2.526333693200000E-03   1.000000000000000E+00
   9.800000980000000E-02   4.051667909200000E-02   4.040487212200000E-02   1.632553691200000E-03   2.526333693200000E-03   1.000000000000000E+00
   1.040000104000000E-01   4.051667909200000E-02   4.040487212200000E-02   1.632553691200000E-03   2.526333693200000E-03   1.000000000000000E+00
   1.100000110000000E-01   4.051667909200000E-02   4.040487212200000E-02   1.632553691200000E-03   2.526333693200000E-03   1.000000000000000E+00
   1.160000116000000E-01   4.051667909200000E-02   4.040487212200000E-02   1.632553691200000E-03   2.526333693200000E-03   1.000000000000000E+00
   1.220000122000000E-01   4.051667909200000E-02   4.040487212200000E-02   1.632553691200000E-03   2.526333693200000E-03   1.000000000000000E+00
   1.280000128000000E-01   4.051667909200000E-02   4.040487212200000E-02   1.632553691200000E-03   2.526333693200000E-03   1.000000000000000E+00
   1.340000134000000E-01   4.051667909200000E-02   4.040487212200000E-02   1.632553691200000E-03   2.526333693200000E-03   1.000000000000000E+00
   1.400000140000000E-01   4.051667909200000E-02   4.040487212200000E-02   1.632553691200000E-03   2.526333693200000E-03   1.000000000000000E+00
   1.460000146000000E-01   4.051667909200000E-02   4.040487212200000E-02   1.632553691200000E-03   2.526333693200000E-03   1.000000000000000E+00
   1.520000152000000E-01   4.051667909200000E-02   4.040487212200000E-02   1.632553691200000E-03   2.526333693200000E-03   1.000000000000000E+00
   1.580000158000000E-01   4.051667909200000E-02   4.040487212200000E-02   1.632553691200000E-03   2.526333693200000E-03   1.000000000000000E+00
   1.640000164000000E-01   4.051667909200000E-02   4.040487212200000E-02   1.632553691200000E-03   2.526333693200000E-03   1.000000000000000E+00
   1.700000170000000E-01   4.051667909200000E-02   4.040487212200000E-02   1.632553691200000E-03   2.526333693200000E-03   1.000000000000000E+00
   1.760000176000000E-01   4.051667909200000E-02   4.040487212200000E-02   1.632553691200000E-03   2.526333693200000E-03   1.000000000000000E+00
   1.820000182000000E-01   4.051667909200000E-02   4.040487212200000E-02   1.632553691200000E-03   2.526333693200000E-03   1.000000000000000E+00
   1.880000188000000E-01   4.051667909200000E-02   4.040487212200000E-02   1.632553691200000E-03   2.526333693200000E-03   1.000000000000000E+00
   1.940000194000000E-01   4.051667909200000E-02   4.040487212200000E-02   1.632553691200000E-03   2.526333693200000E-03   1.000000000000000E+00
   2.000000200000000E-01   4.051667909200000E-02   4.040487212200000E-02   1.632553691200000E-03   2.526333693200000E-03   1.000000000000000E+00
   2.060000206000000E-01   4.051667909200000E-02   4.040487212200000E-02   1.632553691200000E-03   2.526333693200000E-03   1.000000000000000E+00
   2.120000212000000E-01   4.051667909200000E-02   4.040487212200000E-02   1.632553691200000E-03   2.526333693200000E-03   1.000000000000000E+00
   2.180000218000000E-01   4.051667909200000E-02   4.040487212200000E-02   1.632553691200000E-03   2.526333693200000E-03   1.000000000000000E+00
   2.240000224000000E-01   4.051667909200000E-02   4.040487212200000E-02   1.632553691200000E-03   2.526333693200000E-03   1.000000000000000E+00
   2.300000230000000E-01   4.051667909200000E-02   4.040487212200000E-02   1.632553691200000E-03   2.526333693200000E-03   1.000000000000000E+00
   2.360000236000000E-01   4.051667909200000E-02   4.040487212200000E-02   1.632553691200000E-03   2.526333693200000E-03   1.000000000000000E+00
   2.420000242000000E-01   4.051667909200000E-02   4.040487212200000E-02   1.632553691200000E-03   2.526333693200000E-03   1.000000000000000E+00
   2.480000248000000E-01   4.051667909200000E-02   4.040487212200000E-02   1.632553691200000E-03   2.526333693200000E-03   1.000000000000000E+00
   2.540000254000000E-01   4.051667909200000E-02   4.040487212200000E-02   1.632553691200000E-03   2.526333693200000E-03   1.000000000000000E+00
   2.600000260000000E-01   4.051667909200000E-02   4.040487212200000E-02   1.632553691200000E-03   2.526333693200000E-03   1.000000000000000E+00
   2.660000266000000E-01   4.051667909200000E-02   4.040487212200000E-02   1.632553691200000E-03   2.526333693200000E-03   1.000000000000000E+00
   2.720000272000000E-01   4.051667909200000E-02   4.040487212200000E-02   1.632553691200000E-03   2.526333693200000E-03   1.000000000000000E+00
   2.780000278000000E-01   4.051667909200000E-02   4.040487212200000E-02   1.632553691200000E-03   2.526333693200000E-03   1.000000000000000E+00
   2.840000284000000E-01   4.051667909200000E-02   4.040487212200000E-02   1.632553691200000E-03   2.526333693200000E-03   1.000000000000000E+00
   2.900000290000000E-01   4.051667909200000E-02   4.040487212200000E-02   1.632553691200000E-03   2.526333693200000E-03   1.000000000000000E+00
   2.960000296000000E-01   4.051667909200000E-02   4.040487212200000E-02   1.632553691200000E-03   2.526333693200000E-03   1.000000000000000E+00
   3.020000302000000E-01   4.051667909200000E-02   4.040487212200000E-02   1.632553691200000E-03   2.526333693200000E-03   1.000000000000000E+00
   3.080000308000000E-01   4.051667909200000E-02   4.040487212200000E-02   1.632553691200000E-03   2.526333693200000E-03   1.000000000000000E+00
   3.140000314000000E-01   4.051667909200000E-02   4.040487212200000E-02   1.632553691200000E-03   2.526333693200000E-03   1.000000000000000E+00
   3.200000320000000E-01   4.051667909200000E-02   4.040487212200000E-02   1.632553691200000E-03   2.526333693200000E-03   1.000000000000000E+00
   3.260000326000000E-01   4.051667909200000E-02   4.040487212200000E-02   1.632553691200000E-03   2.526333693200000E-03   1.000000000000000E+00
   3.320000332000000E-01   4.051667909200000E-02   4.040487212200000E-02   1.632553691200000E-03   2.526333693200000E-03   1.000000000000000E+00
   3.380000338000000E-01   4.051667909200000E-02   4.040487212200000E-02   1.632553691200000E-03   2.526333693200000E-03   1.000000000000000E+00
   3.440000344000000E-01   4.051667909200000E-02   4.040487212200000E-02   1.632553691200000E-03   2.526333693200000E-03   1.000000000000000E+00
   3.500000350000000E-01   4.051667909200000E-02   4.040487212200000E-02   1.632553691200000E-03   2.526333693200000E-03   1.000000000000000E+00
   3.560000356000000E-01   4.051667909200000E-02   4.040487212200000E-02   1.632553691200000E-03   2.526333693200000E-03   1.000000000000000E+00
   3.620000362000000E-01   4.051667909200000E-02   4.040487212200000E-02   1.632553691200000E-03   2.526333693200000E-03   1.000000000000000E+00
   3.680000368000000E-01   4.051667909200000E-02   4.040487212200000E-02   1.632553691200000E-03   2.526333693200000E-03   1.000000000000000E+00
   3.740000374000000E-01   4.051667909200000E-02   4.040487212200000E-02   1.632553691200000E-03   2.526333693200000E-03   1.000000000000000E+00
   3.800000380000000E-01   4.051667909200000E-02   4.040487212200000E-02   1.632553691200000E-03   2.526333693200000E-03   1.000000000000000E+00
   3.860000386000000E-01   4.051667909200000E-02   4.040487212200000E-02   1.632553691200000E-03   2.526333693200000E-03   1.000000000000000E+00
   3.920000392000000E-01   4.051667909200000E-02   4.040487212200000E-02   1.632553691200000E-03   2.526333693200000E-03   1.000000000000000E+00
   3.980000398000000E-01   4.051667909200000E-02   4.040487212200000E-02   1.632553691200000E-03   2.526333693200000E-03   1.000000000000000E+00
   4.040000404000000E-01   4.051667909200000E-02   4.040487212200000E-02   1.632553691200000E-03   2.526333693200000E-03   1.000000000000000E+00
   4.100000410000000E-01   4.051667909200000E-02   4.040487212200000E-02   1.632553691200000E-03   2.526333693200000E-03   1.000000000000000E+00
   4.160000416000000E-01   4.051667909200000E-02   4.040487212200000E-02   1.632553691200000E-03   2.526333693200000E-03   1.000000000000000E+00
   4.220000422000000E-01   4.051667909200000E-02   4.040487212200000E-02   1.632553691200000E-03   2.526333693200000E-03   1.000000000000000E+00
   4.280000428000000E-01   4.051667909200000E-02   4.040487212200000E-02   1.632553691200000E-03   2.526333693200000E-03   1.000000000000000E+00
   4.340000434000000E-01   4.051667909200000E-02   4.040487212200000E-02   1.632553691200000E-03   2.526333693200000E-03   1.000000000000000E+00
   4.400000440000000E-01   4.051667909200000E-02   4.040487212200000E-02   1.632553691200000E-03   2.526333693200000E-03   1.000000000000000E+00
   4.460000446000000E-01   4.051667909200000E-02   4.040487212200000E-02   1.632553691200000E-03   2.526333693200000E-03   1.000000000000000E+00
   4.520000452000000E-01   4.051667909200000E-02   4.040487212200000E-02   1.632553691200000E-03   2.526333693200000E-03   1.000000000000000E+00
   4.580000458000000E-01   4.051667909200000E-02   4.040487212200000E-02   1.632553691200000E-03   2.526333693200000E-03   1.000000000000000E+00
   4.640000464000000E-01   4.051667909200000E-02   4.040487212200000E-02   1.632553691200000E-03   2.526333693200000E-03   1.000000000000000E+00
   4.700000470000000E-01   4.051667909200000E-02   4.040487212200000E-02   1.632553691200000E-03   2.526333693200000E-03   1.000000000000000E+00
   4.760000476000000E-01   4.051667909200000E-02   4.040487212200000E-02   1.632553691200000E-03   2.526333693200000E-03   1.000000000000000E+00
   4.820000482000000E-01   4.051667909200000E-02   4.040487212200000E-02   1.632553691200000E-03   2.526333693200000E-03   1.000000000000000E+00
   4.880000488000000E-01   4.051667909200000E-02   4.040487212200000E-02   1.632553691200000E-03   2.526333693200000E-03   1.000000000000000E+00
   4.940000494000000E-01   4.051667909200000E-02   4.040487212200000E-02   1.632553691200000E-03   2.526333693200000E-03   1.000000000000000E+00
   5.000000500000000E-01   4.051667909200000E-02   4.040487212200000E-02   1.632553691200000E-03   2.526333693200000E-03   1.000000000000000E+00
   5.060000506000000E-01   4.051667909200000E-02   4.040487212200000E-02   1.632553691200000E-03   2.526333693200000E-03   1.000000000000000E+00
   5.120000512000000E-01   4.051667909200000E-02   4.040487212200000E-02   1.632553691200000E-03   2.526333693200000E-03   1.000000000000000E+00
   5.180000518000000E-01   4.051667909200000E-02   4.040487212200000E-02   1.632553691200000E-03   2.526333693200000E-03   1.000000000000000E+00
   5.240000524000000E-01   4.051667909200000E-02   4.040487212200000E-02   1.632553691200000E-03   2.526333693200000E-03   1.000000000000000E+00
   5.300000530000000E-01   4.051667909200000E-02   4.040487212200000E-02   1.632553691200000E-03   2.526333693200000E-03   1.000000000000000E+00
   5.360000536000000E-01   4.051667909200000E-02   4.040487212200000E-02   1.632553691200000E-03   2.526333693200000E-03   1.000000000000000E+00
   5.420000542000000E-01   4.051667909200000E-02   4.040487212200000E-02   1.632553691200000E-03   2.526333693200000E-03   1.000000000000000E+00
   5.480000548000000E-01   4.051667909200000E-02   4.040487212200000E-02   1.632553691200000E-03   2.526333693200000E-03   1.000000000000000E+00
   5.540000554000000E-01   4.051667909200000E-02   4.040487212200000E-02   1.632553691200000E-03   2.526333693200000E-03   1.000000000000000E+00
   5.600000560000000E-01   4.051667909200000E-02   4.040487212200000E-02   1.632553691200000E-03   2.526333693200000E-03   1.000000000000000E+00
   5.660000566000000E-01   4.051667909200000E-02   4.040487212200000E-02   1.632553691200000E-03   2.526333693200000E-03   1.000000000000000E+00
   5.720000572000000E-01   4.051667909200000E-02   4.040487212200000E-02   1.632553691200000E-03   2.526333693200000E-03   1.000000000000000E+00
   5.780000578000000E-01   4.051667909200000E-02   4.040487212200000E-02   1.632553691200000E-03   2.526333693200000E-03   1.000000000000000E+00
   5.840000584000000E-01   4.051667909200000E-02   4.040487212200000E-02   1.632553691200000E-03   2.526333693200000E-03   1.000000000000000E+00
   5.900000590000000E-01   4.051667909200000E-02   4.040487212200000E-02   1.632553691200000E-03   2.526333693200000E-03   1.000000000000000E+00
   5.960000596000000E-01   4.051667909200000E-02   4.040487212200000E-02   1.632553691200000E-03   2.526333693200000E-03   1.000000000000000E+00
   6.020000602000000E-01   4.051667909200000E-02   4.040487212200000E-02   1.632553691200000E-03   2.526333693200000E-03   1.000000000000000E+00
   6.080000608000000E-01   4.051667909200000E-02   4.040487212200000E-02   1.632553691200000E-03   2.526333693200000E-03   1.000000000000000E+00
   6.140000614000000E-01   4.051667909200000E-02   4.040487212200000E-02   1.632553691200000E-03   2.526333693200000E-03   1.000000000000000E+00
   6.200000620000000E-01   4.051667909200000E-02   4.040487212200000E-02   1.632553691200000E-03   2.526333693200000E-03   1.000000000000000E+00
   6.260000626000000E-01   4.051667909200000E-02   4.040487212200000E-02   1.632553691200000E-03   2.526333693200000E-03   1.000000000000000E+00
   6.320000632000000E-01   4.051667909200000E-02   4.040487212200000E-02   1.632553691200000E-03   2.526333693200000E-03   1.000000000000000E+00
   6.380000638000000E-01   4.051667909200000E-02   4.040487212200000E-02   1.632553691200000E-03   2.526333693200000E-03   1.000000000000000E+00
   6.440000644000000E-01   4.051667909200000E-02   4.040487212200000E-02   1.632553691200000E-03   2.526333693200000E-03   1.000000000000000E+00
   6.500000650000000E-01   4.051667909200000E-02   4.040487212200000E-02   1.632553691200000E-03   2.526333693200000E-03   1.000000000000000E+00
   6.560000656000000E-01   4.051667909200000E-02   4.040487212200000E-02   1.632553691200000E-03   2.526333693200000E-03   1.000000000000000E+00
   6.620000662000000E-01   4.051667909200000E-02   4.040487212200000E-02   1.632553691200000E-03   2.526333693200000E-03   1.000000000000000E+00
   6.680000668000000E-01   4.051667909200000E-02   4.040487212200000E-02   1.632553691200000E-03   2.526333693200000E-03   1.000000000000000E+00
   6.740000674000000E-01   4.051667909200000E-02   4.040487212200000E-02   1.632553691200000E-03   2.526333693200000E-03   1.000000000000000E+00
   6.800000680000000E-01   4.051667909200000E-02   4.040487212200000E-02   1.632553691200000E-03   2.526333693200000E-03   1.000000000000000E+00
   6.860000686000000E-01   4.051667909200000E-02   4.040487212200000E-02   1.632553691200000E-03   2.526333693200000E-03   1.000000000000000E+00
   6.920000692000000E-01   4.051667909200000E-02   4.040487212200000E-02   1.632553691200000E-03   2.526333693200000E-03   1.000000000000000E+00
   6.980000698000000E-01   4.051667909200000E-02   4.040487212200000E-02   1.632553691200000E-03   2.526333693200000E-03   1.000000000000000E+00
   7.040000704000000E-01   4.051667909200000E-02   4.040487212200000E-02   1.632553691200000E-03   2.526333693200000E-03   1.000000000000000E+00
   7.100000710000000E-01   4.051667909200000E-02   4.040487212200000E-02   1.632553691200000E-03   2.526333693200000E-03   1.000000000000000E+00
   7.160000716000000E-01   4.051667909200000E-02   4.040487212200000E-02   1.632553691200000E-03   2.526333693200000E-03   1.000000000000000E+00
   7.220000722000000E-01   4.051667909200000E-02   4.040487212200000E-02   1.632553691200000E-03   2.526333693200000E-03   1.000000000000000E+00
   7.264288407900000E-01   4.051667909200000E-02   4.040487212200000E-02   1.632553691200000E-03   2.526333693200000E-03   1.000000000000000E+00
   7.324288413900000E-01   4.051667909200000E-02   4.040487212200000E-02   1.632553691200000E-03   2.526333693200000E-03   3.000000000000000E+00
   7.384288419900000E-01   4.051667909200000E-02   4.040487212200000E-02   1.632553691200000E-03   2.526333693200000E-03   3.000000000000000E+00
   7.444288425900000E-01   4.051667909200000E-02   4.040487212200000E-02   1.632553691200000E-03   2.526333693200000E-03   3.000000000000000E+00
   7.504288431900000E-01   4.051667909200000E-02   4.040487212200000E-02   1.632553691200000E-03   2.526333693200000E-03   3.000000000000000E+00
   7.564288437900000E-01   4.051667909200000E-02   4.040487212200000E-02   1.632553691200000E-03   2.526333693200000E-03   3.000000000000000E+00
   7.624288443900000E-01   4.051667909200000E-02   4.040487212200000E-02   1.632553691200000E-03   2.526333693200000E-03   3.000000000000000E+00
   7.684288449900000E-01   4.051667909200000E-02   4.040487212200000E-02   1.632553691200000E-03   2.526333693200000E-03   3.000000000000000E+00
   7.744288455900000E-01   4.051667909200000E-02   4.040487212200000E-02   1.632553691200000E-03   2.526333693200000E-03   3.000000000000000E+00
   7.804288461900000E-01   4.051667909200000E-02   4.040487212200000E-02   1.632553691200000E-03   2.526333693200000E-03   3.000000000000000E+00
   7.864288467900000E-01   4.051667909200000E-02   4.040487212200000E-02   1.632553691200000E-03   2.526333693200000E-03   3.000000000000000E+00
   7.924288473900000E-01   4.051667909200000E-02   4.040487212200000E-02   1.632553691200000E-03   2.526333693200000E-03   3.000000000000000E+00
   7.984288479900000E-01   4.051667909200000E-02   4.040487212200000E-02   1.632553691200000E-03   2.526333693200000E-03   3.000000000000000E+00
   8.044288485900000E-01   4.051667909200000E-02   4.040487212200000E-02   1.632553691200000E-03   2.526333693200000E-03   3.000000000000000E+00
   8.104288491900000E-01   4.051667909200000E-02   4.040487212200000E-02   1.632553691200000E-03   2.526333693200000E-03   3.000000000000000E+00
   8.164288497900000E-01   4.051667909200000E-02   4.040487212200000E-02   1.632553691200000E-03   2.526333693200000E-03   3.000000000000000E+00
   8.224288503900000E-01   4.051667909200000E-02   4.040487212200000E-02   1.632553691200000E-03   2.526333693200000E-03   3.000000000000000E+00
   8.284288509900000E-01   4.051667909200000E-02   4.040487212200000E-02   1.632553691200000E-03   2.526333693200000E-03   3.000000000000000E+00
   8.344288515900000E-01   4.051667909200000E-02   4.040487212200000E-02   1.632553691200000E-03   2.526333693200000E-03   3.000000000000000E+00
   8.404288521900000E-01   4.051667909200000E-02   4.040487212200000E-02   1.632553691200000E-03   2.526333693200000E-03   3.000000000000000E+00
   8.464288527900000E-01   4.051667909200000E-02   4.040487212200000E-02   1.632553691200000E-03   2.526333693200000E-03   3.000000000000000E+00
   8.524288533900000E-01   4.051667909200000E-02   4.040487212200000E-02   1.632553691200000E-03   2.526333693200000E-03   3.000000000000000E+00
   8.584288539900000E-01   4.051667909200000E-02   4.040487212200000E-02   1.632553691200000E-03   2.526333693200000E-03   3.000000000000000E+00
   8.644288545900000E-01   4.051667909200000E-02   4.040487212200000E-02   1.632553691200000E-03   2.526333693200000E-03   3.000000000000000E+00
   8.704288551900000E-01   4.051667909200000E-02   4.040487212200000E-02   1.632553691200000E-03   2.526333693200000E-03   3.000000000000000E+00
   8.764288557900000E-01   4.051667909200000E-02   4.040487212200000E-02   1.632553691200000E-03   2.526333693200000E-03   3.000000000000000E+00
   8.824288563900000E-01   4.051667909200000E-02   4.040487212200000E-02   1.632553691200000E-03   2.526333693200000E-03   3.000000000000000E+00
   8.884288569900000E-01   4.051667909200000E-02   4.040487212200000E-02   1.632553691200000E-03   2.526333693200000E-03   3.000000000000000E+00
   8.944288575900000E-01   4.051667909200000E-02   4.040487212200000E-02   1.632553691200000E-03   2.526333693200000E-03   3.000000000000000E+00
   9.004288581900000E-01   4.051667909200000E-02   4.040487212200000E-02   1.632553691200000E-03   2.526333693200000E-03   3.000000000000000E+00
   9.064288587900000E-01   4.051667909200000E-02   4.040487212200000E-02   1.632553691200000E-03   2.526333693200000E-03   3.000000000000000E+00
   9.124288593900000E-01   4.051667909200000E-02   4.040487212200000E-02   1.632553691200000E-03   2.526333693200000E-03   3.000000000000000E+00
   9.184288599900000E-01   4.051667909200000E-02   4.040487212200000E-02   1.632553691200000E-03   2.526333693200000E-03   3.000000000000000E+00
   9.244288605900000E-01   4.051667909200000E-02   4.040487212200000E-02   1.632553691200000E-03   2.526333693200000E-03   3.000000000000000E+00
   9.304288611900000E-01   4.051667909200000E-02   4.040487212200000E-02   1.632553691200000E-03   2.526333693200000E-03   3.000000000000000E+00
   9.364288617900000E-01   4.051667909200000E-02   4.040487212200000E-02   1.632553691200000E-03   2.526333693200000E-03   3.000000000000000E+00
   9.424288623900000E-01   4.051667909200000E-02   4.040487212200000E-02   1.632553691200000E-03   2.526333693200000E-03   3.000000000000000E+00
   9.484288629900000E-01   4.051667909200000E-02   4.040487212200000E-02   1.632553691200000E-03   2.526333693200000E-03   3.000000000000000E+00
   9.544288635900000E-01   4.051667909200000E-02   4.040487212200000E-02   1.632553691200000E-03   2.526333693200000E-03   3.000000000000000E+00
   9.604288641900000E-01   4.051667909200000E-02   4.040487212200000E-02   1.632553691200000E-03   2.526333693200000E-03   3.000000000000000E+00
   9.664288647900000E-01   4.051667909200000E-02   4.040487212200000E-02   1.632553691200000E-03   2.526333693200000E-03   3.000000000000000E+00
   9.724288653900000E-01   4.051667909200000E-02   4.040487212200000E-02   1.632553691200000E-03   2.526333693200000E-03   3.000000000000000E+00
   9.784288659900000E-01   4.051667909200000E-02   4.040487212200000E-02   1.632553691200000E-03   2.526333693200000E-03   3.000000000000000E+00
   9.844288665900000E-01   4.051667909200000E-02   4.040487212200000E-02   1.632553691200000E-03   2.526333693200000E-03   3.000000000000000E+00
   9.904288671900000E-01   4.051667909200000E-02   4.040487212200000E-02   1.632553691200000E-03   2.526333693200000E-03   3.000000000000000E+00
   9.964288677900000E-01   4.051667909200000E-02   4.040487212200000E-02   1.632553691200000E-03   2.526333693200000E-03   3.000000000000000E+00
   9.999999997600000E-01   4.051667909200000E-02   4.040487212200000E-02   1.632553691200000E-03   2.526333693200000E-03   3.000000000000000E+00

