   0.000000000000000E+00   1.100295746100000E+00   1.100295746100000E+00   1.210650728800000E+00   2.053451132200000E-01   5.734324131500000E+00   0.000000000000000E+00
  -1.620044262800000E-15   1.099504975200000E+00   1.101085932100000E+00   1.211822679700000E+00   2.053449088700000E-01   5.734329413500000E+00   3.000000000000000E+00
  -2.529267201100000E-15   1.098317726900000E+00   1.102270107600000E+00   1.213577962300000E+00   2.053438371000000E-01   5.734357152900000E+00   2.000000000000000E+00
  -8.193993919300000E-16   1.097518504800000E+00   1.103065628800000E+00   1.214756556300000E+00   2.053425997500000E-01   5.734389178400000E+00   2.000000000000000E+00
  -9.237465809200001E-16   1.093946048100000E+00   1.106607140000000E+00   1.219996586000000E+00   2.053320206500000E-01   5.734663023400000E+00   2.000000000000000E+00
  -1.292282929400000E-15   1.089164748900000E+00   1.111310223200000E+00   1.226938086700000E+00   2.053050657200000E-01   5.735361028500000E+00   2.000000000000000E+00
  -1.011535602400000E-15   1.084363693900000E+00   1.115989862400000E+00   1.233827573400000E+00   2.052634520600000E-01   5.736439372700000E+00   2.000000000000000E+00
  -1.338038808400000E-15   1.079543333700000E+00   1.120646462900000E+00   1.240662702200000E+00   2.052072236300000E-01   5.737897874900000E+00   2.000000000000000E+00
  -7.349256670400000E-16   1.074705203600000E+00   1.125278896900000E+00   1.247442291700000E+00   2.051364392000000E-01   5.739736305400000E+00   2.000000000000000E+00
  -1.870053101100000E-15   1.074704689200000E+00   1.125279195500000E+00   1.247443577000000E+00   2.051364316500000E-01   5.739736501600000E+00   2.000000000000000E+00
  -2.109290219300000E-15   1.069848699200000E+00   1.129885219200000E+00   1.254166893200000E+00   2.050511697200000E-01   5.741954450300000E+00   2.000000000000000E+00
  -2.209768942900000E-15   1.064976322400000E+00   1.134467570200000E+00   1.260834233500000E+00   2.049515090300000E-01   5.744551830200000E+00   2.000000000000000E+00
  -1.837392952600000E-15   1.060088082900000E+00   1.139023173400000E+00   1.267444276400000E+00   2.048375579100000E-01   5.747528108300000E+00   2.000000000000000E+00
  -1.430412593300000E-15   1.055182853300000E+00   1.143550706200000E+00   1.273997671200000E+00   2.047094338800000E-01   5.750882832600000E+00   2.000000000000000E+00
  -1.857280713800000E-15   1.050264023500000E+00   1.148053116800000E+00   1.280491935100000E+00   2.045672683800000E-01   5.754615500300000E+00   2.000000000000000E+00
  -1.033799117300000E-15   1.045331743800000E+00   1.152526992100000E+00   1.286924243700000E+00   2.044112065400000E-01   5.758725560200000E+00   2.000000000000000E+00
  -1.452550973500000E-15   1.040387289600000E+00   1.156970966700000E+00   1.293299485200000E+00   2.042414067100000E-01   5.763212414800000E+00   2.000000000000000E+00
  -1.394898523200000E-15   1.035427563000000E+00   1.161387259300000E+00   1.299612392700000E+00   2.040580400700000E-01   5.768075423600000E+00   2.000000000000000E+00
  -8.509787703100000E-16   1.030459629500000E+00   1.165774396100000E+00   1.305864290100000E+00   2.038612902100000E-01   5.773313905800000E+00   2.000000000000000E+00
  -1.324426405800000E-15   1.025477707300000E+00   1.170129804100000E+00   1.312052754000000E+00   2.036513526400000E-01   5.778927143300000E+00   2.000000000000000E+00
  -9.068830872600000E-16   1.020486140000000E+00   1.174457743300000E+00   1.318178852800000E+00   2.034284343200000E-01   5.784914384100000E+00   2.000000000000000E+00
  -1.191533437000000E-15   1.015486566700000E+00   1.178752672900000E+00   1.324244148200000E+00   2.031927531100000E-01   5.791274845900000E+00   2.000000000000000E+00
  -1.075517736200000E-15   1.010480481800000E+00   1.183015685000000E+00   1.330247834800000E+00   2.029445373200000E-01   5.798007719100000E+00   2.000000000000000E+00
  -7.688345571700000E-16   1.005460929600000E+00   1.187249852000000E+00   1.336185663600000E+00   2.026840250800000E-01   5.805112170800000E+00   2.000000000000000E+00
  -9.958860349200001E-16   1.000436838700000E+00   1.191449930800000E+00   1.342059436700000E+00   2.024114638500000E-01   5.812587348700000E+00   2.000000000000000E+00
  -1.327106905100000E-15   9.954093791100000E-01   1.195615409900000E+00   1.347866432800000E+00   2.021271098200000E-01   5.820432384200000E+00   2.000000000000000E+00
  -1.335322031800000E-15   9.903698046700000E-01   1.199752766200000E+00   1.353616129400000E+00   2.018312273700000E-01   5.828646396700000E+00   2.000000000000000E+00
  -1.410419333100000E-15   9.853273014100000E-01   1.203855355100000E+00   1.359294649300000E+00   2.015240884700000E-01   5.837228497500000E+00   2.000000000000000E+00
  -1.768104744000000E-15   9.802823622800000E-01   1.207922686300000E+00   1.364915123900000E+00   2.012059720900000E-01   5.846177793300000E+00   2.000000000000000E+00
  -2.275617306300000E-15   9.752366124400000E-01   1.211955626500000E+00   1.370467785200000E+00   2.008771636700000E-01   5.855493390400000E+00   2.000000000000000E+00
  -1.681801098300000E-15   9.701779953900000E-01   1.215956682500000E+00   1.375949244900000E+00   2.005379544800000E-01   5.865174398300000E+00   2.000000000000000E+00
  -1.092621960700000E-15   9.651240896000000E-01   1.219925224500000E+00   1.381376863300000E+00   2.001886411200000E-01   5.875219933800000E+00   2.000000000000000E+00
  -1.929979082500000E-15   9.600712534400000E-01   1.223857289300000E+00   1.386736273600000E+00   1.998295249000000E-01   5.885629124500000E+00   2.000000000000000E+00
  -1.505398879800000E-15   9.550078299400000E-01   1.227754479900000E+00   1.392029183600000E+00   1.994609112700000E-01   5.896401112900000E+00   2.000000000000000E+00
  -1.188087508400000E-15   9.499537308200000E-01   1.231614889900000E+00   1.397256917800000E+00   1.990831093500000E-01   5.907535059600000E+00   2.000000000000000E+00
  -1.007335085100000E-15   9.448896299400000E-01   1.235440288900000E+00   1.402415821800000E+00   1.986964312900000E-01   5.919030147600000E+00   2.000000000000000E+00
  -1.296278782900000E-15   9.398319164900000E-01   1.239231553700000E+00   1.407515821600000E+00   1.983011918500000E-01   5.930885585300000E+00   2.000000000000000E+00
  -1.811387165300000E-15   9.347749517100000E-01   1.242990070900000E+00   1.412550180600000E+00   1.978977077800000E-01   5.943100610000000E+00   2.000000000000000E+00
  -1.071814592500000E-15   9.297152215400000E-01   1.246712699700000E+00   1.417525414300000E+00   1.974862974200000E-01   5.955674491700000E+00   2.000000000000000E+00
  -1.680905788100000E-15   9.246629490900000E-01   1.250397890100000E+00   1.422428349200000E+00   1.970672801600000E-01   5.968606536200000E+00   2.000000000000000E+00
  -1.054761213200000E-15   9.196101811600000E-01   1.254046757400000E+00   1.427266031400000E+00   1.966409759900000E-01   5.981896087900000E+00   2.000000000000000E+00
  -1.511561997700000E-15   9.145646801100000E-01   1.257657529700000E+00   1.432052359300000E+00   1.962077050700000E-01   5.995542533800000E+00   2.000000000000000E+00
  -1.599157816900000E-15   9.095209994500000E-01   1.261237102500000E+00   1.436768638800000E+00   1.957677872600000E-01   6.009545305400000E+00   2.000000000000000E+00
  -1.519667617100000E-15   9.044799858200000E-01   1.264779932500000E+00   1.441414314100000E+00   1.953215417600000E-01   6.023903882700000E+00   2.000000000000000E+00
  -1.278260606600000E-15   8.994479863100000E-01   1.268284604500000E+00   1.446008991700000E+00   1.948692866700000E-01   6.038617796200000E+00   2.000000000000000E+00
  -1.562372958900000E-15   8.944219258700000E-01   1.271752851000000E+00   1.450539219400000E+00   1.944113386500000E-01   6.053686629900000E+00   2.000000000000000E+00
  -1.944841468700000E-15   8.893945675900000E-01   1.275188173600000E+00   1.454996624200000E+00   1.939480125600000E-01   6.069110023900000E+00   2.000000000000000E+00
  -1.314880798200000E-15   8.843777676900000E-01   1.278585358100000E+00   1.459405081600000E+00   1.934796210900000E-01   6.084887677000000E+00   2.000000000000000E+00
  -1.182609485100000E-15   8.793750380899999E-01   1.281946552000000E+00   1.463753978100000E+00   1.930064744900000E-01   6.101019348800000E+00   2.000000000000000E+00
  -6.647208409000000E-16   8.743666021900000E-01   1.285269409500000E+00   1.468028171200000E+00   1.925288802200000E-01   6.117504862400000E+00   2.000000000000000E+00
  -7.726109170400000E-16   8.693701884200000E-01   1.288554097400000E+00   1.472252285500000E+00   1.920471427300000E-01   6.134344106100000E+00   2.000000000000000E+00
  -1.812212835600000E-15   8.643896559499999E-01   1.291813416900000E+00   1.476421473700000E+00   1.915615631400000E-01   6.151537035900000E+00   2.000000000000000E+00
  -1.070812916600000E-15   8.594062514100000E-01   1.295031747100000E+00   1.480516198200000E+00   1.910724390300000E-01   6.169083677600000E+00   2.000000000000000E+00
  -1.378241132600000E-15   8.544362680399999E-01   1.298212260800000E+00   1.484560869300000E+00   1.905800641900000E-01   6.186984128400000E+00   2.000000000000000E+00
  -1.563200961100000E-15   8.494789871400000E-01   1.301358193300000E+00   1.488552658000000E+00   1.900847284400000E-01   6.205238558800000E+00   2.000000000000000E+00
  -1.395811492700000E-15   8.445350408800000E-01   1.304465693400000E+00   1.492471217300000E+00   1.895867174100000E-01   6.223847214800000E+00   2.000000000000000E+00
  -1.125603240600000E-15   8.395882123100000E-01   1.307535613400000E+00   1.496341427900000E+00   1.890863123700000E-01   6.242810418900000E+00   2.000000000000000E+00
  -1.228871838600000E-15   8.346658762400000E-01   1.310580642700000E+00   1.500161424400000E+00   1.885837900500000E-01   6.262128572500000E+00   2.000000000000000E+00
  -1.215427487200000E-15   8.297408301500000E-01   1.313581371300000E+00   1.503917718100000E+00   1.880794225500000E-01   6.281802157000000E+00   2.000000000000000E+00
  -1.268199451000000E-15   8.248303846800000E-01   1.316544941100000E+00   1.507611341800000E+00   1.875734771300000E-01   6.301831735300000E+00   2.000000000000000E+00
  -1.375532158800000E-15   8.199385098999999E-01   1.319481417600000E+00   1.511246670600000E+00   1.870662161500000E-01   6.322217953400000E+00   2.000000000000000E+00
  -1.197346457600000E-15   8.150507225400000E-01   1.322381275700000E+00   1.514842638400000E+00   1.865578969500000E-01   6.342961541900000E+00   2.000000000000000E+00
  -1.035944983000000E-15   8.101798854600000E-01   1.325244567100000E+00   1.518382056200000E+00   1.860487717300000E-01   6.364063317200000E+00   2.000000000000000E+00
  -1.003949376800000E-15   8.053213569200000E-01   1.328071507900000E+00   1.521858818200000E+00   1.855390875100000E-01   6.385524182700000E+00   2.000000000000000E+00
  -1.289662968600000E-15   8.004734394400000E-01   1.330864871000000E+00   1.525274461700000E+00   1.850290860500000E-01   6.407345130200000E+00   2.000000000000000E+00
  -4.769844777200000E-16   7.956434777600000E-01   1.333622166100000E+00   1.528653252300000E+00   1.845190037600000E-01   6.429527241300000E+00   2.000000000000000E+00
  -1.491644480300000E-15   7.908230956700000E-01   1.336345813800000E+00   1.531975911200000E+00   1.840090717000000E-01   6.452071688300000E+00   2.000000000000000E+00
  -1.742406076300000E-15   7.860152447400000E-01   1.339036129000000E+00   1.535248760500000E+00   1.834995155100000E-01   6.474979735500000E+00   2.000000000000000E+00
  -9.326371263200000E-16   7.812262545899999E-01   1.341690963700000E+00   1.538463027100000E+00   1.829905554100000E-01   6.498252740400000E+00   2.000000000000000E+00
  -7.374641720500000E-16   7.764475228200000E-01   1.344304037000000E+00   1.541621650400000E+00   1.824824061500000E-01   6.521892154500000E+00   2.000000000000000E+00
  -1.421113842000000E-15   7.716847370200000E-01   1.346895198900000E+00   1.544733504500000E+00   1.819752770200000E-01   6.545899525000000E+00   2.000000000000000E+00
  -1.479186412000000E-15   7.669416647400000E-01   1.349451526500000E+00   1.547808585300000E+00   1.814693718400000E-01   6.570276495500000E+00   2.000000000000000E+00
  -1.313003829400000E-15   7.622051623800000E-01   1.351973673900000E+00   1.550825783500000E+00   1.809648889800000E-01   6.595024806800000E+00   2.000000000000000E+00
  -1.078652437300000E-15   7.574901896600000E-01   1.354459580900000E+00   1.553793390800000E+00   1.804620213400000E-01   6.620146298700000E+00   2.000000000000000E+00
  -5.111932985800000E-16   7.527957216700000E-01   1.356911253800000E+00   1.556705035000000E+00   1.799609564000000E-01   6.645642910400000E+00   2.000000000000000E+00
  -9.964835776200001E-16   7.481060129100000E-01   1.359328688600000E+00   1.559567473500000E+00   1.794618762200000E-01   6.671516681700000E+00   2.000000000000000E+00
  -1.830306128000000E-15   7.434448631200000E-01   1.361712476300000E+00   1.562402374700000E+00   1.789649575000000E-01   6.697769754600000E+00   2.000000000000000E+00
  -1.260767002600000E-15   7.387984042600000E-01   1.364062688200000E+00   1.565182978600000E+00   1.784703715800000E-01   6.724404373300000E+00   2.000000000000000E+00
  -1.072481512800000E-15   7.341534391500000E-01   1.366397294800000E+00   1.567908875900000E+00   1.779782844900000E-01   6.751422886400000E+00   2.000000000000000E+00
  -8.950970414000000E-16   7.295333488300000E-01   1.368688952700000E+00   1.570597628300000E+00   1.774888570100000E-01   6.778827747100000E+00   2.000000000000000E+00
  -1.406225366500000E-15   7.249352112900000E-01   1.370947717900000E+00   1.573233230900000E+00   1.770022447100000E-01   6.806621514700000E+00   2.000000000000000E+00
  -1.027946806300000E-15   7.203575291100000E-01   1.373163873500000E+00   1.575828225800000E+00   1.765185979800000E-01   6.834806855400000E+00   2.000000000000000E+00
  -1.464950965000000E-15   7.158029108700000E-01   1.375354255400000E+00   1.578381262400000E+00   1.760380621100000E-01   6.863386543800000E+00   2.000000000000000E+00
  -1.450230066500000E-15   7.112483366500000E-01   1.377520427700000E+00   1.580882441500000E+00   1.755607773400000E-01   6.892363463600000E+00   2.000000000000000E+00
  -1.358884843100000E-15   7.067237649700000E-01   1.379661721300000E+00   1.583342227500000E+00   1.750868789300000E-01   6.921740608800000E+00   2.000000000000000E+00
  -1.067704210700000E-15   7.022095881900000E-01   1.381761975500000E+00   1.585770306000000E+00   1.746164972000000E-01   6.951521084900000E+00   2.000000000000000E+00
  -1.758329820300000E-15   6.977187213600000E-01   1.383830699600000E+00   1.588147952900000E+00   1.741497576000000E-01   6.981708110100000E+00   2.000000000000000E+00
  -8.830116823700000E-16   6.932559596200000E-01   1.385863637700000E+00   1.590481269000000E+00   1.736867808000000E-01   7.012305016200000E+00   2.000000000000000E+00
  -1.297534485100000E-15   6.888004026600000E-01   1.387868690800000E+00   1.592763470300000E+00   1.732276827300000E-01   7.043315249900000E+00   2.000000000000000E+00
  -1.545719260100000E-15   6.843688038400000E-01   1.389842942600000E+00   1.595022595400000E+00   1.727725746600000E-01   7.074742374200000E+00   2.000000000000000E+00
  -1.008558354000000E-15   6.799665134700000E-01   1.391788312800000E+00   1.597247364900000E+00   1.723215632800000E-01   7.106590068900000E+00   2.000000000000000E+00
  -9.837792931200000E-16   6.755790590800000E-01   1.393707079000000E+00   1.599420683300000E+00   1.718747507500000E-01   7.138862133000000E+00   2.000000000000000E+00
  -1.244567078700000E-15   6.712030954700000E-01   1.395595588600000E+00   1.601545890200000E+00   1.714322348100000E-01   7.171562484700000E+00   2.000000000000000E+00
  -1.494547027000000E-15   6.668640535500000E-01   1.397455944000000E+00   1.603651448700000E+00   1.709941087800000E-01   7.204695163300000E+00   2.000000000000000E+00
  -9.016899732399999E-16   6.625308315700000E-01   1.399284385800000E+00   1.605706601900000E+00   1.705604617200000E-01   7.238264330400000E+00   2.000000000000000E+00
  -1.096092353900000E-15   6.582205394000000E-01   1.401083259100000E+00   1.607714829200000E+00   1.701313784500000E-01   7.272274271100000E+00   2.000000000000000E+00
  -1.498527362400000E-15   6.539439651700000E-01   1.402852726400000E+00   1.609700593600000E+00   1.697069396400000E-01   7.306729395300000E+00   2.000000000000000E+00
  -1.422935019400000E-15   6.496762311700000E-01   1.404593146100000E+00   1.611627903900000E+00   1.692872218500000E-01   7.341634239100000E+00   2.000000000000000E+00
  -1.162620610700000E-15   6.454343970200001E-01   1.406304666000000E+00   1.613551003800000E+00   1.688722976800000E-01   7.376993466000000E+00   2.000000000000000E+00
  -1.001181618900000E-15   6.412217935900000E-01   1.407985110600000E+00   1.615429534500000E+00   1.684622357600000E-01   7.412811868300000E+00   2.000000000000000E+00
  -9.878544109600000E-16   6.370348435600000E-01   1.409638670200000E+00   1.617265794100000E+00   1.680571008400000E-01   7.449094368700000E+00   2.000000000000000E+00
  -9.003674056100001E-16   6.328588062000000E-01   1.411264073700000E+00   1.619057518200000E+00   1.676569539200000E-01   7.485846021200000E+00   2.000000000000000E+00
  -1.002901744000000E-15   6.287134241200000E-01   1.412848010700000E+00   1.620830457600000E+00   1.672618522400000E-01   7.523072012900000E+00   2.000000000000000E+00
  -1.262493044500000E-15   6.245894629300000E-01   1.414417095000000E+00   1.622553038400000E+00   1.668718494000000E-01   7.560777665300000E+00   2.000000000000000E+00
  -8.744089673400000E-16   6.204834394600000E-01   1.415958765500000E+00   1.624232008200000E+00   1.664869954000000E-01   7.598968435400000E+00   2.000000000000000E+00
  -9.661836905199999E-16   6.164157201700000E-01   1.417480958200000E+00   1.625912371800000E+00   1.661073367500000E-01   7.637649917900000E+00   2.000000000000000E+00
  -1.354651991500000E-15   6.123606962800000E-01   1.418969049700000E+00   1.627525044700000E+00   1.657329164600000E-01   7.676827845600000E+00   2.000000000000000E+00
  -1.636923119700000E-15   6.083290700900000E-01   1.420429972300000E+00   1.629132194900000E+00   1.653637742000000E-01   7.716508091800000E+00   2.000000000000000E+00
  -7.866550575400000E-16   6.043296509500000E-01   1.421872955000000E+00   1.630684371500000E+00   1.649999462900000E-01   7.756696671100000E+00   2.000000000000000E+00
  -1.422000123400000E-15   6.003599727400000E-01   1.423280414900000E+00   1.632231591700000E+00   1.646414657800000E-01   7.797399741400000E+00   2.000000000000000E+00
  -8.607485667500000E-16   5.964074443800000E-01   1.424661361500000E+00   1.633737837300000E+00   1.642883625500000E-01   7.838623604700000E+00   2.000000000000000E+00
  -8.548980899100000E-16   5.924751199400000E-01   1.426018714900000E+00   1.635200954100000E+00   1.639406633200000E-01   7.880374709100000E+00   2.000000000000000E+00
  -1.696127462200000E-15   5.885787825800000E-01   1.427347393600000E+00   1.636643266600000E+00   1.635983917200000E-01   7.922659650300000E+00   2.000000000000000E+00
  -1.411502939200000E-15   5.847116711600000E-01   1.428650149400000E+00   1.638045390500000E+00   1.632615683800000E-01   7.965485172700000E+00   2.000000000000000E+00
  -1.230941657400000E-15   5.808631025800000E-01   1.429925121000000E+00   1.639423691400000E+00   1.629302109500000E-01   8.008858170900000E+00   2.000000000000000E+00
  -9.944120753000000E-16   5.770445702300000E-01   1.431176373500000E+00   1.640758329600000E+00   1.626043341700000E-01   8.052785691800000E+00   2.000000000000000E+00
  -1.146387559900000E-15   5.732560762700000E-01   1.432402204900000E+00   1.642064579300000E+00   1.622839499000000E-01   8.097274935100000E+00   2.000000000000000E+00
  -1.171863660800000E-15   5.694935319600000E-01   1.433608291500000E+00   1.643353126000000E+00   1.619690672300000E-01   8.142333255700001E+00   2.000000000000000E+00
  -1.106675566000000E-15   5.657618212700000E-01   1.434787315800000E+00   1.644621144600000E+00   1.616596924500000E-01   8.187968164200001E+00   2.000000000000000E+00
  -1.054130884100000E-15   5.620608525500000E-01   1.435941826300000E+00   1.645864560400000E+00   1.613558291800000E-01   8.234187329299999E+00   2.000000000000000E+00
  -1.185073553000000E-15   5.583836647100000E-01   1.437063170100000E+00   1.647062949700000E+00   1.610574783400000E-01   8.280998578700000E+00   2.000000000000000E+00
  -1.642647898300000E-15   5.547335978300000E-01   1.438165235000000E+00   1.648245438700000E+00   1.607646382700000E-01   8.328409900700001E+00   2.000000000000000E+00
  -1.556049302500000E-15   5.511151898400000E-01   1.439242901300000E+00   1.649390682300000E+00   1.604773047100000E-01   8.376429445399999E+00   2.000000000000000E+00
  -9.901243097200000E-16   5.475303842700000E-01   1.440318286000000E+00   1.650512133800000E+00   1.601954709000000E-01   8.425065526299999E+00   2.000000000000000E+00
  -1.277681804200000E-15   5.439709272700000E-01   1.441352531900000E+00   1.651594154400000E+00   1.599191275700000E-01   8.474326622000000E+00   2.000000000000000E+00
  -8.824918247700000E-16   5.404439245800000E-01   1.442363205400000E+00   1.652647273600000E+00   1.596482630200000E-01   8.524221377000000E+00   2.000000000000000E+00
  -8.921544179400001E-16   5.369554615500000E-01   1.443345897800000E+00   1.653693911400000E+00   1.593828631400000E-01   8.574758603099999E+00   2.000000000000000E+00
  -8.942647325500000E-16   5.334865006100000E-01   1.444313014400000E+00   1.654728836800000E+00   1.591229114800000E-01   8.625947281500000E+00   2.000000000000000E+00
  -7.686818727300000E-16   5.300508901500000E-01   1.445257227200000E+00   1.655728567800000E+00   1.588683892300000E-01   8.677796563299999E+00   2.000000000000000E+00
  -4.782817579800000E-16   5.266502248600000E-01   1.446164137000000E+00   1.656695185100000E+00   1.586192753100000E-01   8.730315771400001E+00   2.000000000000000E+00
  -9.173822544200000E-16   5.232798657900000E-01   1.447066453800000E+00   1.657636654600000E+00   1.583755464000000E-01   8.783514401200000E+00   2.000000000000000E+00
  -7.908727776900000E-16   5.199436206200000E-01   1.447946527200000E+00   1.658543422600000E+00   1.581371769500000E-01   8.837402122900000E+00   2.000000000000000E+00
  -3.830536205500000E-16   5.166434669500000E-01   1.448791612200000E+00   1.659445788000000E+00   1.579041392200000E-01   8.891988781700000E+00   2.000000000000000E+00
  -7.758344236600000E-16   5.133704276900000E-01   1.449630132500000E+00   1.660300306300000E+00   1.576764033400000E-01   8.947284399799999E+00   2.000000000000000E+00
  -6.508798201000000E-16   5.101323974999999E-01   1.450446965400000E+00   1.661144652900000E+00   1.574539373200000E-01   9.003299177700001E+00   2.000000000000000E+00
  -8.653715049600000E-16   5.069397656900000E-01   1.451226039200000E+00   1.661965502700000E+00   1.572367071200000E-01   9.060043494800000E+00   2.000000000000000E+00
  -1.149387530100000E-15   5.037664328100000E-01   1.452003203600000E+00   1.662780768800000E+00   1.570246766000000E-01   9.117527911600000E+00   2.000000000000000E+00
  -1.026551307600000E-15   5.006290264400000E-01   1.452759247000000E+00   1.663576650800000E+00   1.568178076700000E-01   9.175763170300000E+00   2.000000000000000E+00
  -7.303537521500000E-16   4.975271390200000E-01   1.453486998800000E+00   1.664337272000000E+00   1.566160602300000E-01   9.234760196200000E+00   2.000000000000000E+00
  -1.425229083800000E-15   4.944640401400000E-01   1.454203056300000E+00   1.665077820500000E+00   1.564193922400000E-01   9.294530099599999E+00   2.000000000000000E+00
  -7.732471743800000E-16   4.914375069200000E-01   1.454898428500000E+00   1.665786341000000E+00   1.562277597500000E-01   9.355084176200000E+00   2.000000000000000E+00
  -8.695397713900000E-16   4.884440138400000E-01   1.455571404700000E+00   1.666484206100000E+00   1.560411169500000E-01   9.416433909000000E+00   2.000000000000000E+00
  -9.124602136500000E-16   4.854857329300000E-01   1.456226839200000E+00   1.667141767300000E+00   1.558594161900000E-01   9.478590969600001E+00   2.000000000000000E+00
  -6.862939607000000E-16   4.825649288600000E-01   1.456861930200000E+00   1.667798561100000E+00   1.556826079900000E-01   9.541567219399999E+00   2.000000000000000E+00
  -1.089644295500000E-15   4.796896080200000E-01   1.457476684200000E+00   1.668427742400000E+00   1.555106411300000E-01   9.605374711500000E+00   2.000000000000000E+00
  -1.054619984600000E-15   4.768399948400000E-01   1.458071255600000E+00   1.669065134400000E+00   1.553434626600000E-01   9.670025691599999E+00   2.000000000000000E+00
  -1.200415914800000E-15   4.740286967800000E-01   1.458645705500000E+00   1.669672570300000E+00   1.551810179200000E-01   9.735532600000001E+00   2.000000000000000E+00
  -1.092332179800000E-15   4.712595782000000E-01   1.459212211600000E+00   1.670250752000000E+00   1.550232506100000E-01   9.801908073300000E+00   2.000000000000000E+00
  -8.628578318600000E-16   4.685290897100000E-01   1.459760668000000E+00   1.670811767800000E+00   1.548701028200000E-01   9.869164945500000E+00   2.000000000000000E+00
  -8.409764308400000E-16   4.658373666800000E-01   1.460289883000000E+00   1.671343224000000E+00   1.547215150600000E-01   9.937316250700000E+00   2.000000000000000E+00
  -9.737949894599999E-16   4.631735872000000E-01   1.460780503600000E+00   1.671872270800000E+00   1.545774263300000E-01   1.000637522400000E+01   2.000000000000000E+00
  -9.984698980600000E-16   4.605537317200000E-01   1.461283533000000E+00   1.672359908400000E+00   1.544377741300000E-01   1.007635530500000E+01   2.000000000000000E+00
  -9.856257803900000E-16   4.579735024700000E-01   1.461768092500000E+00   1.672852687000000E+00   1.543024945300000E-01   1.014727013800000E+01   2.000000000000000E+00
  -1.020302662900000E-15   4.554390254100000E-01   1.462221135000000E+00   1.673314869800000E+00   1.541715222300000E-01   1.021913357700000E+01   2.000000000000000E+00
  -8.114206647800000E-16   4.529361819600000E-01   1.462656695900000E+00   1.673796284200000E+00   1.540447905800000E-01   1.029195968300000E+01   2.000000000000000E+00
  -1.056296180700000E-15   4.504735524600000E-01   1.463095950200000E+00   1.674250293100000E+00   1.539222316500000E-01   1.036576273600000E+01   2.000000000000000E+00
  -1.412753156500000E-15   4.480582684500000E-01   1.463521785000000E+00   1.674674479500000E+00   1.538037762700000E-01   1.044055722700000E+01   2.000000000000000E+00
  -7.593066106300000E-16   4.456745784300000E-01   1.463914248000000E+00   1.675088439000000E+00   1.536893541400000E-01   1.051635786700000E+01   2.000000000000000E+00
  -9.938378344800000E-16   4.433315750800000E-01   1.464291541200000E+00   1.675475344500000E+00   1.535788937800000E-01   1.059317959300000E+01   2.000000000000000E+00
  -5.104907483000000E-16   4.410284426900000E-01   1.464682981700000E+00   1.675859635000000E+00   1.534723227100000E-01   1.067103756500000E+01   2.000000000000000E+00
  -8.531942025900000E-16   4.387691149300000E-01   1.465032400500000E+00   1.676208166500000E+00   1.533695674500000E-01   1.074994717300000E+01   2.000000000000000E+00
  -1.099586028800000E-15   4.365506302000000E-01   1.465369168500000E+00   1.676547784700000E+00   1.532705535600000E-01   1.082992404200000E+01   2.000000000000000E+00
  -7.444642069300000E-16   4.343780899000000E-01   1.465718911100000E+00   1.676886976000000E+00   1.531752057800000E-01   1.091098403500000E+01   2.000000000000000E+00
  -9.570902698500000E-16   4.322407312200000E-01   1.466027644900000E+00   1.677236429900000E+00   1.530834480400000E-01   1.099314325800000E+01   2.000000000000000E+00
  -5.750637707000000E-16   4.301405963400000E-01   1.466329370100000E+00   1.677560860700000E+00   1.529952035500000E-01   1.107641806700000E+01   2.000000000000000E+00
  -9.192421083799999E-16   4.280824395900000E-01   1.466640410300000E+00   1.677854708300000E+00   1.529103948800000E-01   1.116082507000000E+01   2.000000000000000E+00
  -9.673417943400000E-16   4.260684585200000E-01   1.466912220400000E+00   1.678149795500000E+00   1.528289440200000E-01   1.124638113300000E+01   2.000000000000000E+00
  -1.298980437900000E-15   4.240955074800000E-01   1.467175240700000E+00   1.678420235800000E+00   1.527507724800000E-01   1.133310339200000E+01   2.000000000000000E+00
  -9.093753406399999E-16   4.221552416800000E-01   1.467452947600000E+00   1.678686974100000E+00   1.526758013300000E-01   1.142100925300000E+01   2.000000000000000E+00
  -8.362840026900000E-16   4.202607736700000E-01   1.467690113100000E+00   1.678924919700000E+00   1.526039513100000E-01   1.151011640300000E+01   2.000000000000000E+00
  -7.462674640800000E-16   4.184074237700000E-01   1.467920516700000E+00   1.679138427000000E+00   1.525351429000000E-01   1.160044281300000E+01   2.000000000000000E+00
  -8.909119647500001E-16   4.165941609800000E-01   1.468163515200000E+00   1.679392165000000E+00   1.524692964100000E-01   1.169200675500000E+01   2.000000000000000E+00
  -1.440565921800000E-15   4.148230799800000E-01   1.468367481800000E+00   1.679589890600000E+00   1.524063320500000E-01   1.178482680000000E+01   2.000000000000000E+00
  -1.311685477200000E-15   4.130927624700000E-01   1.468575308500000E+00   1.679827899100000E+00   1.523461700300000E-01   1.187892183400000E+01   2.000000000000000E+00
  -8.916481193800000E-16   4.114082189900000E-01   1.468779013100000E+00   1.680021217100000E+00   1.522887306100000E-01   1.197431106600000E+01   2.000000000000000E+00
  -9.339740124899999E-16   4.097598845700000E-01   1.468952377400000E+00   1.680231314900000E+00   1.522339342400000E-01   1.207101403400000E+01   2.000000000000000E+00
  -9.854433527799999E-16   4.081517326000000E-01   1.469146693500000E+00   1.680419121100000E+00   1.521817015900000E-01   1.216905062500000E+01   2.000000000000000E+00
  -5.054980206600000E-16   4.065771638600000E-01   1.469319365000000E+00   1.680590296800000E+00   1.521319536800000E-01   1.226844107800000E+01   2.000000000000000E+00
  -4.588332589800000E-16   4.050482353000000E-01   1.469465826500000E+00   1.680755324200000E+00   1.520846119100000E-01   1.236920599500000E+01   2.000000000000000E+00
  -6.309506388300000E-16   4.035588556900000E-01   1.469630375300000E+00   1.680898219200000E+00   1.520395982200000E-01   1.247136636200000E+01   2.000000000000000E+00
  -9.026530446700000E-16   4.021057527000000E-01   1.469775474300000E+00   1.681055653400000E+00   1.519968350800000E-01   1.257494355600000E+01   2.000000000000000E+00
  -5.412183639500000E-16   4.006934043700000E-01   1.469905736000000E+00   1.681176382400000E+00   1.519562456700000E-01   1.267995935400000E+01   2.000000000000000E+00
  -7.900745767000000E-16   3.993198360300000E-01   1.470051909100000E+00   1.681296451700000E+00   1.519177538600000E-01   1.278643596000000E+01   2.000000000000000E+00
  -6.855760556500000E-16   3.979906137200000E-01   1.470159673800000E+00   1.681415214600000E+00   1.518812843900000E-01   1.289439601000000E+01   2.000000000000000E+00
  -6.350588203700000E-16   3.966927537100000E-01   1.470287942300000E+00   1.681559964300000E+00   1.518467628500000E-01   1.300386258500000E+01   2.000000000000000E+00
  -8.315386049500000E-16   3.954326641700000E-01   1.470410638500000E+00   1.681689696200000E+00   1.518141158200000E-01   1.311485923800000E+01   2.000000000000000E+00
  -7.868464325200000E-16   3.942068447100000E-01   1.470492621600000E+00   1.681793831300000E+00   1.517832709300000E-01   1.322741000500000E+01   2.000000000000000E+00
  -1.038598977700000E-15   3.930215368100000E-01   1.470607642900000E+00   1.681899795600000E+00   1.517541569100000E-01   1.334153941500000E+01   2.000000000000000E+00
  -5.920177921900000E-16   3.918727189900000E-01   1.470710185800000E+00   1.681985259300000E+00   1.517267036600000E-01   1.345727252200000E+01   2.000000000000000E+00
  -9.812003071000000E-16   3.907598984400000E-01   1.470787226500000E+00   1.682079306400000E+00   1.517008423300000E-01   1.357463491500000E+01   2.000000000000000E+00
  -1.060697363700000E-15   3.896827195900000E-01   1.470879832100000E+00   1.682144271200000E+00   1.516765053700000E-01   1.369365273500000E+01   2.000000000000000E+00
  -9.421445481900000E-16   3.886406186600000E-01   1.470960027200000E+00   1.682196207700000E+00   1.516536265900000E-01   1.381435270200000E+01   2.000000000000000E+00
  -2.805478526800000E-16   3.876375774500000E-01   1.471015309600000E+00   1.682290307400000E+00   1.516321412000000E-01   1.393676213600000E+01   2.000000000000000E+00
  -7.000019524500000E-16   3.866634085800000E-01   1.471096003100000E+00   1.682347472100000E+00   1.516119858600000E-01   1.406090896200000E+01   2.000000000000000E+00
  -5.472133816300000E-16   3.857228106100000E-01   1.471164661400000E+00   1.682439745500000E+00   1.515930987600000E-01   1.418682175500000E+01   2.000000000000000E+00
  -5.958169582100000E-16   3.848126810200000E-01   1.471216564000000E+00   1.682492384300000E+00   1.515754196000000E-01   1.431452975100000E+01   2.000000000000000E+00
  -3.643978475500000E-16   3.839380939500000E-01   1.471279561200000E+00   1.682566857800000E+00   1.515588896900000E-01   1.444406286200000E+01   2.000000000000000E+00
  -6.331443601100000E-16   3.830953294100000E-01   1.471330529600000E+00   1.682622067900000E+00   1.515434519300000E-01   1.457545171600000E+01   2.000000000000000E+00
  -9.257658035699999E-16   3.822910364700000E-01   1.471379135900000E+00   1.682672166000000E+00   1.515290508800000E-01   1.470872767300000E+01   2.000000000000000E+00
  -9.549367257499999E-16   3.815092480000000E-01   1.471425240700000E+00   1.682708219400000E+00   1.515156327300000E-01   1.484392284300000E+01   2.000000000000000E+00
  -9.005448912499999E-16   3.807575408000000E-01   1.471459232500000E+00   1.682724402600000E+00   1.515031454000000E-01   1.498107012500000E+01   2.000000000000000E+00
  -5.664255254100000E-16   3.800303614200000E-01   1.471506626300000E+00   1.682765409700000E+00   1.514915384600000E-01   1.512020323000000E+01   2.000000000000000E+00
  -8.594754906300000E-16   3.793373146800000E-01   1.471535573600000E+00   1.682795382400000E+00   1.514807632300000E-01   1.526135669700000E+01   2.000000000000000E+00
  -1.087041321300000E-15   3.786724126600000E-01   1.471552193000000E+00   1.682858131800000E+00   1.514707727200000E-01   1.540456593400000E+01   2.000000000000000E+00
  -8.849221284300000E-16   3.780357206600000E-01   1.471604455600000E+00   1.682879257900000E+00   1.514615216600000E-01   1.554986724400000E+01   2.000000000000000E+00
  -9.120174849300001E-16   3.774253535700000E-01   1.471620092800000E+00   1.682928019700000E+00   1.514529665000000E-01   1.569729783900000E+01   2.000000000000000E+00
  -1.046841052400000E-15   3.768411327100000E-01   1.471628106600000E+00   1.682957798700000E+00   1.514450654100000E-01   1.584689589500000E+01   2.000000000000000E+00
  -7.581182045900000E-16   3.762841660500000E-01   1.471673977400000E+00   1.682983469700000E+00   1.514377782200000E-01   1.599870056500000E+01   2.000000000000000E+00
  -5.846828302400000E-16   3.757502249400000E-01   1.471674515600000E+00   1.682995886000000E+00   1.514310665000000E-01   1.615275200800000E+01   2.000000000000000E+00
  -8.014621097000000E-16   3.752404136800000E-01   1.471713574000000E+00   1.682988371200000E+00   1.514248934500000E-01   1.630909143600000E+01   2.000000000000000E+00
  -9.102992787400000E-16   3.747512788300000E-01   1.471717364800000E+00   1.683002573700000E+00   1.514192239300000E-01   1.646776113400000E+01   2.000000000000000E+00
  -5.360467152000000E-16   3.742875707800000E-01   1.471747450900000E+00   1.683023521700000E+00   1.514140244300000E-01   1.662880449800000E+01   2.000000000000000E+00
  -6.550881466400000E-16   3.738459915800000E-01   1.471778258500000E+00   1.683068825600000E+00   1.514092630200000E-01   1.679226606900000E+01   2.000000000000000E+00
  -8.109363792300000E-16   3.734262771400000E-01   1.471780990700000E+00   1.683085108300000E+00   1.514049093700000E-01   1.695819156900000E+01   2.000000000000000E+00
  -9.049045084199999E-16   3.730270295500000E-01   1.471807686400000E+00   1.683108759700000E+00   1.514009346500000E-01   1.712662794000000E+01   2.000000000000000E+00
  -6.987010113600000E-16   3.726478711600000E-01   1.471822897400000E+00   1.683112674400000E+00   1.513973115600000E-01   1.729762337400000E+01   2.000000000000000E+00
  -7.328875708900000E-16   3.722880549400000E-01   1.471826796700000E+00   1.683128657600000E+00   1.513940142400000E-01   1.747122736400000E+01   2.000000000000000E+00
  -5.187439887900000E-16   3.719470757100000E-01   1.471844023100000E+00   1.683117286200000E+00   1.513910182700000E-01   1.764749071700000E+01   2.000000000000000E+00
  -5.581542114100000E-16   3.716241952600000E-01   1.471849363200000E+00   1.683091956700000E+00   1.513883006100000E-01   1.782646563100000E+01   2.000000000000000E+00
  -5.719672518900000E-16   3.713186786900000E-01   1.471861464600000E+00   1.683102016900000E+00   1.513858395600000E-01   1.800820571600000E+01   2.000000000000000E+00
  -8.336853269300000E-16   3.710300459200000E-01   1.471863833400000E+00   1.683146978600000E+00   1.513836147200000E-01   1.819276602600000E+01   2.000000000000000E+00
  -9.877430549000000E-16   3.707575748600000E-01   1.471853594600000E+00   1.683172359300000E+00   1.513816069500000E-01   1.838020313200000E+01   2.000000000000000E+00
  -7.927618510600000E-16   3.705014265300000E-01   1.471880784000000E+00   1.683173654500000E+00   1.513797983100000E-01   1.857057515300000E+01   2.000000000000000E+00
  -6.080808587300000E-16   3.702592459100000E-01   1.471875616300000E+00   1.683185694300000E+00   1.513781720200000E-01   1.876394178600000E+01   2.000000000000000E+00
  -5.691127464200000E-16   3.700313790500000E-01   1.471857359900000E+00   1.683176742400000E+00   1.513767124000000E-01   1.896036438700000E+01   2.000000000000000E+00
  -6.395306896100000E-16   3.698164466600000E-01   1.471886029500000E+00   1.683184382700000E+00   1.513754048800000E-01   1.915990600800000E+01   2.000000000000000E+00
  -2.716699133600000E-16   3.696155280500000E-01   1.471867395600000E+00   1.683155942800000E+00   1.513742358700000E-01   1.936263142800000E+01   2.000000000000000E+00
  -6.397580594900000E-16   3.694271356200000E-01   1.471876374000000E+00   1.683156491500000E+00   1.513731927500000E-01   1.956860724400000E+01   2.000000000000000E+00
  -4.428318264800000E-16   3.692530817800000E-01   1.471869430300000E+00   1.683155148800000E+00   1.513722638600000E-01   1.977790190600000E+01   2.000000000000000E+00
  -7.248837253600000E-16   3.690879435000000E-01   1.471885423500000E+00   1.683193592100000E+00   1.513714383900000E-01   1.999058576200000E+01   2.000000000000000E+00
  -4.158938446800000E-16   3.689336659200000E-01   1.471906041200000E+00   1.683210900200000E+00   1.513707063700000E-01   2.020673115000000E+01   1.000000000000000E+00
  -8.258585839900000E-16   3.687885562200000E-01   1.471906007900000E+00   1.683212686500000E+00   1.513700586200000E-01   2.042641243600000E+01   2.000000000000000E+00
  -5.512135488700000E-16   3.686544870800000E-01   1.471915966200000E+00   1.683209424400000E+00   1.513694866900000E-01   2.064970607900000E+01   2.000000000000000E+00
  -6.067653486100000E-16   3.685297304600000E-01   1.471912719500000E+00   1.683183053400000E+00   1.513689828400000E-01   2.087669071000000E+01   2.000000000000000E+00
  -6.014426390200000E-16   3.684128161800000E-01   1.471899167600000E+00   1.683194657100000E+00   1.513685399800000E-01   2.110744719700000E+01   2.000000000000000E+00
  -5.317509991800000E-16   3.683052853500000E-01   1.471916794700000E+00   1.683150313000000E+00   1.513681516500000E-01   2.134205869800000E+01   1.000000000000000E+00
  -4.332005048200000E-16   3.682056466900000E-01   1.471921216200000E+00   1.683187877900000E+00   1.513678119400000E-01   2.158061076500000E+01   2.000000000000000E+00
  -6.831657077000000E-16   3.681136801800000E-01   1.471874630800000E+00   1.683178531600000E+00   1.513675155000000E-01   2.182319141600000E+01   2.000000000000000E+00
  -8.044740048200000E-16   3.680284976800000E-01   1.471904397400000E+00   1.683212719800000E+00   1.513672574600000E-01   2.206989117500000E+01   2.000000000000000E+00
  -6.808409988600000E-16   3.679499208200000E-01   1.471921144000000E+00   1.683223656100000E+00   1.513670334200000E-01   2.232080321900000E+01   2.000000000000000E+00
  -2.198927977200000E-16   3.678772732200000E-01   1.471888729600000E+00   1.683224211900000E+00   1.513668394200000E-01   2.257602343200000E+01   2.000000000000000E+00
  -5.120292341900000E-16   3.678107310100000E-01   1.471894862700000E+00   1.683209506500000E+00   1.513666718700000E-01   2.283565047000000E+01   2.000000000000000E+00
  -3.181577425500000E-16   3.677496461200000E-01   1.471917565200000E+00   1.683169068200000E+00   1.513665275600000E-01   2.309978591300000E+01   2.000000000000000E+00
  -6.346651986900000E-16   3.676942186500000E-01   1.471902223700000E+00   1.683169007400000E+00   1.513664036300000E-01   2.336853433600000E+01   2.000000000000000E+00
  -7.189117106200000E-16   3.676429505300000E-01   1.471881235100000E+00   1.683172895900000E+00   1.513662974900000E-01   2.364200337100000E+01   1.000000000000000E+00
  -7.203435950900000E-16   3.675961296100000E-01   1.471910393900000E+00   1.683212309100000E+00   1.513662068600000E-01   2.392030388800000E+01   1.000000000000000E+00
  -6.798706362400000E-16   3.675530059500000E-01   1.471906718600000E+00   1.683211692600000E+00   1.513661297100000E-01   2.420355007400000E+01   2.000000000000000E+00
  -5.031425167400000E-16   3.675142154300000E-01   1.471874878700000E+00   1.683226922300000E+00   1.513660642300000E-01   2.449185950400000E+01   1.000000000000000E+00
  -4.975744571300000E-16   3.674789861900000E-01   1.471907011600000E+00   1.683215694000000E+00   1.513660088400000E-01   2.478535334400000E+01   2.000000000000000E+00
  -4.002876668900000E-16   3.674473007300000E-01   1.471924279600000E+00   1.683223350400000E+00   1.513659621200000E-01   2.508415643200000E+01   1.000000000000000E+00
  -4.818927619600000E-16   3.674183851400000E-01   1.471905315200000E+00   1.683194631800000E+00   1.513659228600000E-01   2.538839738200000E+01   2.000000000000000E+00
  -6.667641573400000E-16   3.673922808100000E-01   1.471876557500000E+00   1.683153966700000E+00   1.513658899800000E-01   2.569820878800000E+01   2.000000000000000E+00
  -5.554883746700000E-16   3.673686062400000E-01   1.471927113100000E+00   1.683149809500000E+00   1.513658625200000E-01   2.601372733700000E+01   1.000000000000000E+00
  -5.706489849400000E-16   3.673474856700000E-01   1.471912737600000E+00   1.683201406700000E+00   1.513658396900000E-01   2.633509390700000E+01   2.000000000000000E+00
  -5.154196310700000E-16   3.673285407900000E-01   1.471880477100000E+00   1.683225914900000E+00   1.513658207700000E-01   2.666245382000000E+01   1.000000000000000E+00
  -5.988744573100000E-16   3.673116918900000E-01   1.471927598800000E+00   1.683222645000000E+00   1.513658051500000E-01   2.699595695000000E+01   2.000000000000000E+00
  -6.641293305500000E-16   3.672965437900000E-01   1.471924058800000E+00   1.683225541700000E+00   1.513657923000000E-01   2.733575787100000E+01   1.000000000000000E+00
  -5.954676301300000E-16   3.672830497500000E-01   1.471902541600000E+00   1.683198413900000E+00   1.513657817700000E-01   2.768201609400000E+01   1.000000000000000E+00
  -4.659337429300000E-16   3.672711074900000E-01   1.471919947900000E+00   1.683203880500000E+00   1.513657731800000E-01   2.803489620600000E+01   1.000000000000000E+00
  -4.563034440400000E-16   3.672604683600000E-01   1.471928470100000E+00   1.683149007300000E+00   1.513657662100000E-01   2.839456811400000E+01   2.000000000000000E+00
  -5.746101258500000E-16   3.672510621500000E-01   1.471918973400000E+00   1.683191862600000E+00   1.513657605600000E-01   2.876120718600000E+01   1.000000000000000E+00
  -4.298542681700000E-16   3.672427231800000E-01   1.471913727500000E+00   1.683185409100000E+00   1.513657560100000E-01   2.913499452600000E+01   1.000000000000000E+00
  -5.882742946400000E-16   3.672354371600000E-01   1.471927824400000E+00   1.683221312800000E+00   1.513657523600000E-01   2.951611711700000E+01   2.000000000000000E+00
  -5.772407019300000E-16   3.672290473900000E-01   1.471923484500000E+00   1.683226086800000E+00   1.513657494500000E-01   2.990476815300000E+01   2.000000000000000E+00
  -5.303230236500000E-16   3.672234311300000E-01   1.471898792800000E+00   1.683226487100000E+00   1.513657471400000E-01   3.030114724900000E+01   1.000000000000000E+00
  -5.544145195200000E-16   3.672185620600000E-01   1.471922741500000E+00   1.683199388900000E+00   1.513657453100000E-01   3.070546060300000E+01   1.000000000000000E+00
  -6.759454301800000E-16   3.672143294900000E-01   1.471928047100000E+00   1.683137325500000E+00   1.513657438700000E-01   3.111792142400000E+01   2.000000000000000E+00
  -4.809898257700000E-16   3.672108092600000E-01   1.471875336200000E+00   1.683143114700000E+00   1.513657427400000E-01   3.153875013300000E+01   2.000000000000000E+00
  -3.664861241500000E-16   3.672076197400000E-01   1.471910764200000E+00   1.683189703600000E+00   1.513657418700000E-01   3.196817458000000E+01   2.000000000000000E+00
  -3.265360308100000E-16   3.672048732200000E-01   1.471927415000000E+00   1.683223804200000E+00   1.513657411900000E-01   3.240643051000000E+01   1.000000000000000E+00
  -5.779020609800000E-16   3.672024404300000E-01   1.471908625900000E+00   1.683219303700000E+00   1.513657406700000E-01   3.285376177800000E+01   2.000000000000000E+00
  -3.679294011000000E-16   3.672004355800000E-01   1.471869975800000E+00   1.683226515500000E+00   1.513657402600000E-01   3.331042071900000E+01   1.000000000000000E+00
  -4.639339581200000E-16   3.671987272000000E-01   1.471908339600000E+00   1.683197247700000E+00   1.513657399600000E-01   3.377666850200000E+01   2.000000000000000E+00
  -5.693597088100000E-16   3.671973239400000E-01   1.471915773400000E+00   1.683191271100000E+00   1.513657397300000E-01   3.425277554100000E+01   2.000000000000000E+00
  -6.525276246000000E-16   3.671960907800000E-01   1.471879947500000E+00   1.683128434700000E+00   1.513657395600000E-01   3.473902173500000E+01   1.000000000000000E+00
  -3.598164380600000E-16   3.671950515000000E-01   1.471899309300000E+00   1.683195311300000E+00   1.513657394300000E-01   3.523569710800000E+01   2.000000000000000E+00
  -6.916522024500000E-16   3.671941430800000E-01   1.471928430200000E+00   1.683188059000000E+00   1.513657393300000E-01   3.574310212800000E+01   1.000000000000000E+00
  -6.406140238700000E-16   3.671934191800000E-01   1.471914319500000E+00   1.683224237700000E+00   1.513657392600000E-01   3.626154805000000E+01   1.000000000000000E+00
  -5.513465880000000E-16   3.671928167500000E-01   1.471875660600000E+00   1.683221931900000E+00   1.513657392100000E-01   3.679135761500000E+01   2.000000000000000E+00
  -4.003725776400000E-16   3.671923483000000E-01   1.471916408600000E+00   1.683222512100000E+00   1.513657391700000E-01   3.733286539300000E+01   2.000000000000000E+00
  -4.869805167600000E-16   3.671919311300000E-01   1.471928555800000E+00   1.683180075700000E+00   1.513657391400000E-01   3.788641840200000E+01   1.000000000000000E+00
  -2.945465325500000E-16   3.671915884900000E-01   1.471916710600000E+00   1.683160767300000E+00   1.513657391200000E-01   3.845237658100000E+01   1.000000000000000E+00
  -5.363326466700000E-16   3.671912919400000E-01   1.471889340600000E+00   1.683168138900000E+00   1.513657391100000E-01   3.903111341300000E+01   1.000000000000000E+00
  -1.948937712000000E-16   3.671910672300000E-01   1.471920631700000E+00   1.683217859900000E+00   1.513657391000000E-01   3.962301660900000E+01   2.000000000000000E+00
  -2.592637266700000E-16   3.671908854200000E-01   1.471928039300000E+00   1.683226038500000E+00   1.513657390900000E-01   4.022848863100000E+01   2.000000000000000E+00
  -4.295272154200000E-16   3.671907513100000E-01   1.471872087300000E+00   1.683223020800000E+00   1.513657390900000E-01   4.084794747000000E+01   1.000000000000000E+00
  -4.599731256800000E-16   3.671906318200000E-01   1.471912469600000E+00   1.683178664200000E+00   1.513657390800000E-01   4.148182731800000E+01   2.000000000000000E+00
  -2.814522853000000E-16   3.671905366100000E-01   1.471928388900000E+00   1.683153970900000E+00   1.513657390800000E-01   4.213057937100000E+01   2.000000000000000E+00
  -4.343759682200000E-16   3.671904553300000E-01   1.471873978900000E+00   1.683164772000000E+00   1.513657390800000E-01   4.279467257500000E+01   2.000000000000000E+00
  -4.671436491000000E-16   3.671903971300000E-01   1.471905039700000E+00   1.683217852900000E+00   1.513657390800000E-01   4.347459460000000E+01   2.000000000000000E+00
  -2.576725904500000E-16   3.671903516100000E-01   1.471927163200000E+00   1.683225351000000E+00   1.513657390800000E-01   4.417085255900000E+01   2.000000000000000E+00
  -3.001363001300000E-16   3.671903201500000E-01   1.471916511800000E+00   1.683221465100000E+00   1.513657390800000E-01   4.488397404200000E+01   2.000000000000000E+00
  -3.735280854100000E-16   3.671902919500000E-01   1.471874325200000E+00   1.683170487500000E+00   1.513657390800000E-01   4.561450820400000E+01   2.000000000000000E+00
  -3.886000051900000E-16   3.671902702900000E-01   1.471901697600000E+00   1.683157692600000E+00   1.513657390800000E-01   4.636302665100000E+01   2.000000000000000E+00
  -2.202632628600000E-16   3.671902561200000E-01   1.471866733600000E+00   1.683181568100000E+00   1.513657390800000E-01   4.713012466000000E+01   2.000000000000000E+00
  -3.309357384800000E-16   3.671902430500000E-01   1.471904262400000E+00   1.683224817500000E+00   1.513657390800000E-01   4.791642238000000E+01   2.000000000000000E+00
  -3.402980333200000E-16   3.671902332000000E-01   1.471927401800000E+00   1.683217126800000E+00   1.513657390800000E-01   4.872256602200000E+01   2.000000000000000E+00
  -4.353488882500000E-16   3.671902250200000E-01   1.471921552400000E+00   1.683205773600000E+00   1.513657390800000E-01   4.954922927900000E+01   2.000000000000000E+00
  -5.338760502900000E-16   3.671902197800000E-01   1.471926835500000E+00   1.683127560300000E+00   1.513657390800000E-01   5.039711453300000E+01   2.000000000000000E+00
  -3.941751395500000E-16   3.671902159200000E-01   1.471899408200000E+00   1.683188138400000E+00   1.513657390800000E-01   5.126695463300000E+01   2.000000000000000E+00
  -3.044082557200000E-16   3.671902126400000E-01   1.471896700100000E+00   1.683213504100000E+00   1.513657390800000E-01   5.215951423700000E+01   2.000000000000000E+00
  -3.603053100500000E-16   3.671902107400000E-01   1.471877167600000E+00   1.683225854500000E+00   1.513657390800000E-01   5.307559175900000E+01   2.000000000000000E+00
  -3.153456526400000E-16   3.671902093800000E-01   1.471918579300000E+00   1.683179926700000E+00   1.513657390800000E-01   5.401602083100000E+01   2.000000000000000E+00
  -4.116608457700000E-16   3.671902085600000E-01   1.471914475100000E+00   1.683135898300000E+00   1.513657390800000E-01   5.498167236100000E+01   2.000000000000000E+00
  -3.286756198000000E-16   3.671902078500000E-01   1.471928400700000E+00   1.683199771800000E+00   1.513657390800000E-01   5.597345671800000E+01   2.000000000000000E+00
  -2.660779037900000E-16   3.671902073500000E-01   1.471906569900000E+00   1.683228072700000E+00   1.513657390800000E-01   5.699232555400000E+01   2.000000000000000E+00
  -3.755374682100000E-16   3.671902071300000E-01   1.471923155800000E+00   1.683218962000000E+00   1.513657390800000E-01   5.803927426700000E+01   2.000000000000000E+00
  -4.171040063800000E-16   3.671902068700000E-01   1.471883205200000E+00   1.683151696200000E+00   1.513657390800000E-01   5.911534452900000E+01   2.000000000000000E+00
  -4.552680998500000E-16   3.671902066900000E-01   1.471895741100000E+00   1.683184500300000E+00   1.513657390800000E-01   6.022162666200000E+01   2.000000000000000E+00
  -1.979940135200000E-16   3.671902066800000E-01   1.471910055400000E+00   1.683222458100000E+00   1.513657390800000E-01   6.135926251800000E+01   2.000000000000000E+00
  -3.170398035100000E-16   3.671902065700000E-01   1.471928553000000E+00   1.683216389700000E+00   1.513657390800000E-01   6.252944850400000E+01   2.000000000000000E+00
  -2.436549701900000E-16   3.671902065000000E-01   1.471907327100000E+00   1.683140375900000E+00   1.513657390800000E-01   6.373343856900000E+01   2.000000000000000E+00
  -4.626329616900000E-16   3.671902065500000E-01   1.471873740100000E+00   1.683170647000000E+00   1.513657390800000E-01   6.497254761200000E+01   2.000000000000000E+00
  -3.301601726500000E-16   3.671902064700000E-01   1.471919758000000E+00   1.683225215600000E+00   1.513657390800000E-01   6.624815529500000E+01   2.000000000000000E+00
  -2.630662660700000E-16   3.671902064100000E-01   1.471925928500000E+00   1.683209257000000E+00   1.513657390800000E-01   6.756170952399999E+01   2.000000000000000E+00
  -2.408672319700000E-16   3.671902063200000E-01   1.471898320300000E+00   1.683135973600000E+00   1.513657390800000E-01   6.891473075700000E+01   2.000000000000000E+00
  -3.026902868400000E-16   3.671902063200000E-01   1.471888808800000E+00   1.683192065200000E+00   1.513657390800000E-01   7.030881653700000E+01   2.000000000000000E+00
  -2.355961175000000E-16   3.671902063200000E-01   1.471925812300000E+00   1.683228076300000E+00   1.513657390800000E-01   7.174564593600000E+01   2.000000000000000E+00
  -2.204599228100000E-16   3.671902063300000E-01   1.471860382600000E+00   1.683186310600000E+00   1.513657390800000E-01   7.322698475100000E+01   2.000000000000000E+00
  -2.986056113400000E-16   3.671902063300000E-01   1.471907418100000E+00   1.683165813900000E+00   1.513657390800000E-01   7.475469108599999E+01   2.000000000000000E+00
  -3.316197326300000E-16   3.671902063300000E-01   1.471928513200000E+00   1.683225599100000E+00   1.513657390800000E-01   7.633072090300000E+01   2.000000000000000E+00
  -2.140782554700000E-16   3.671902062500000E-01   1.471877410200000E+00   1.683194156300000E+00   1.513657390800000E-01   7.795713439100000E+01   2.000000000000000E+00
  -3.347746055200000E-16   3.671902062600000E-01   1.471923379100000E+00   1.683151337100000E+00   1.513657390800000E-01   7.963610299699999E+01   2.000000000000000E+00
  -2.706259926100000E-16   3.671902062800000E-01   1.471920828400000E+00   1.683222987600000E+00   1.513657390800000E-01   8.136991618899999E+01   2.000000000000000E+00
  -2.351666235000000E-16   3.671902058100000E-01   1.471898519900000E+00   1.683188876200000E+00   1.513657390800000E-01   8.316098954100001E+01   2.000000000000000E+00
  -9.259301972699999E-17   3.671902059600000E-01   1.471928401500000E+00   1.683154371100000E+00   1.513657390800000E-01   8.501187333400000E+01   2.000000000000000E+00
  -2.174805901500000E-16   3.671902060800000E-01   1.471904705400000E+00   1.683224623400000E+00   1.513657390800000E-01   8.692522153800000E+01   2.000000000000000E+00
  -2.780975501100000E-16   3.671902059400000E-01   1.471927252000000E+00   1.683157148100000E+00   1.513657390800000E-01   8.890336518300001E+01   2.000000000000000E+00
  -2.467487217500000E-16   3.671902060200000E-01   1.471910611800000E+00   1.683185982900000E+00   1.513657390800000E-01   9.095044460600000E+01   2.000000000000000E+00
  -1.177082155700000E-16   3.671902060800000E-01   1.471870449300000E+00   1.683227839100000E+00   1.513657390800000E-01   9.306907246100000E+01   2.000000000000000E+00
  -2.793399283200000E-16   3.671902060500000E-01   1.471861153900000E+00   1.683137690000000E+00   1.513657390800000E-01   9.526262307600000E+01   2.000000000000000E+00
  -3.047553754400000E-16   3.671902061100000E-01   1.471920497300000E+00   1.683222325300000E+00   1.513657390800000E-01   9.753467246500000E+01   2.000000000000000E+00
  -2.887320894800000E-16   3.671902061600000E-01   1.471920997600000E+00   1.683203798400000E+00   1.513657390800000E-01   9.988901257300000E+01   2.000000000000000E+00
  -1.961415970500000E-16   3.671902058400000E-01   1.471901670500000E+00   1.683209400900000E+00   1.513657390800000E-01   1.023296671100000E+02   2.000000000000000E+00
  -2.469068403100000E-16   3.671902059900000E-01   1.471888843800000E+00   1.683218170500000E+00   1.513657390800000E-01   1.048609091300000E+02   2.000000000000000E+00
  -2.192134038100000E-16   3.671902060900000E-01   1.471928197700000E+00   1.683109869900000E+00   1.513657390800000E-01   1.074872792400000E+02   2.000000000000000E+00
  -1.902664087900000E-16   3.671901889000000E-01   1.471924939700000E+00   1.683217006400000E+00   1.513657390800000E-01   1.102136062300000E+02   2.000000000000000E+00
  -2.504098933500000E-16   3.671901943600000E-01   1.471864469600000E+00   1.683104594200000E+00   1.513657390800000E-01   1.130450296000000E+02   2.000000000000000E+00
  -2.551124709600000E-16   3.671901982600000E-01   1.471916590200000E+00   1.683216563000000E+00   1.513657390800000E-01   1.159870233500000E+02   2.000000000000000E+00
  -2.014531628000000E-16   3.671902047700000E-01   1.471913477300000E+00   1.683141036300000E+00   1.513657390800000E-01   1.190454227100000E+02   2.000000000000000E+00
  -2.360332400700000E-16   3.671902051300000E-01   1.471923396400000E+00   1.683226228100000E+00   1.513657390800000E-01   1.222264533600000E+02   2.000000000000000E+00
  -7.508133252200000E-17   3.671902054200000E-01   1.471852517200000E+00   1.683180766200000E+00   1.513657390800000E-01   1.255367627800000E+02   2.000000000000000E+00
  -2.604081773100000E-16   3.671902055300000E-01   1.471908454600000E+00   1.683225643500000E+00   1.513657390800000E-01   1.289834552200000E+02   2.000000000000000E+00
  -2.019510473400000E-16   3.671902057500000E-01   1.471886299400000E+00   1.683125853200000E+00   1.513657390800000E-01   1.325741302300000E+02   2.000000000000000E+00
  -2.085009093500000E-16   3.671902059200000E-01   1.471928556200000E+00   1.683214695100000E+00   1.513657390800000E-01   1.363169240900000E+02   2.000000000000000E+00
  -1.694378136400000E-16   3.671902052300000E-01   1.471925012200000E+00   1.683177129600000E+00   1.513657390800000E-01   1.402205563100000E+02   2.000000000000000E+00
  -1.328910034900000E-16   3.671902056000000E-01   1.471904702300000E+00   1.683225636000000E+00   1.513657390800000E-01   1.442943807600000E+02   2.000000000000000E+00
  -1.234999880800000E-16   3.671902058500000E-01   1.471891386700000E+00   1.683115375000000E+00   1.513657390800000E-01   1.485484414200000E+02   2.000000000000000E+00
  -1.924373281000000E-16   3.671902049600000E-01   1.471928067900000E+00   1.683177691600000E+00   1.513657390800000E-01   1.529935348300000E+02   2.000000000000000E+00
  -1.763488290300000E-16   3.671902054800000E-01   1.471887355900000E+00   1.683201758400000E+00   1.513657390800000E-01   1.576412783200000E+02   2.000000000000000E+00
  -1.947580460300000E-16   3.671902058100000E-01   1.471912151900000E+00   1.683210761500000E+00   1.513657390800000E-01   1.625041867900000E+02   2.000000000000000E+00
  -1.426135635300000E-16   3.671902001100000E-01   1.471922506900000E+00   1.683180566600000E+00   1.513657390800000E-01   1.675957566100000E+02   2.000000000000000E+00
  -1.351888103800000E-16   3.671902027500000E-01   1.471904190500000E+00   1.683221067100000E+00   1.513657390800000E-01   1.729305602000000E+02   2.000000000000000E+00
  -9.516663266700000E-17   3.671902043200000E-01   1.471897604600000E+00   1.683112424700000E+00   1.513657390800000E-01   1.785243499000000E+02   2.000000000000000E+00
  -6.028631111800000E-17   3.671901565900000E-01   1.471925905500000E+00   1.683225668000000E+00   1.513657390800000E-01   1.843941750000000E+02   2.000000000000000E+00
  -1.278199868000000E-16   3.671901737300000E-01   1.471868851800000E+00   1.683125103100000E+00   1.513657390800000E-01   1.905585123800000E+02   2.000000000000000E+00
  -1.104055764200000E-16   3.671901856800000E-01   1.471928561200000E+00   1.683228095900000E+00   1.513657390800000E-01   1.970374118800000E+02   2.000000000000000E+00
  -1.632092256700000E-16   3.671901980300000E-01   1.471871321600000E+00   1.683213167700000E+00   1.513657390800000E-01   2.038526601300000E+02   2.000000000000000E+00
  -1.418298157400000E-16   3.671901985300000E-01   1.471928400800000E+00   1.683158736800000E+00   1.513657390800000E-01   2.110279648100000E+02   2.000000000000000E+00
  -9.285334646600000E-17   3.671902002600000E-01   1.471850202100000E+00   1.683222483500000E+00   1.513657390800000E-01   2.185891609600000E+02   2.000000000000000E+00
  -1.513230773500000E-16   3.671902040000000E-01   1.471924775400000E+00   1.683185546900000E+00   1.513657390800000E-01   2.265644447700000E+02   2.000000000000000E+00
  -1.505452369200000E-16   3.671902050700000E-01   1.471883427400000E+00   1.683205705800000E+00   1.513657390800000E-01   2.349846379100000E+02   2.000000000000000E+00
  -8.738266360400001E-17   3.671902056500000E-01   1.471922434500000E+00   1.683183398700000E+00   1.513657390800000E-01   2.438834859700000E+02   2.000000000000000E+00
  -1.522573769900000E-16   3.671901815600000E-01   1.471886848300000E+00   1.683117345800000E+00   1.513657390800000E-01   2.532979983700000E+02   2.000000000000000E+00
  -1.410380090600000E-16   3.671901928600000E-01   1.471922303700000E+00   1.683227874700000E+00   1.513657390800000E-01   2.632688352900000E+02   2.000000000000000E+00
  -1.251398481000000E-16   3.671901993000000E-01   1.471882000000000E+00   1.683113565400000E+00   1.513657390800000E-01   2.738407482100000E+02   2.000000000000000E+00
  -1.163352814300000E-16   3.671901940600000E-01   1.471863935500000E+00   1.683161711800000E+00   1.513657390800000E-01   2.850630851700000E+02   2.000000000000000E+00
  -9.999429827700000E-17   3.671902002400000E-01   1.471926577400000E+00   1.683209233100000E+00   1.513657390800000E-01   2.969903688000000E+02   2.000000000000000E+00
  -1.183077690300000E-16   3.671902034500000E-01   1.471874667800000E+00   1.683195004600000E+00   1.513657390800000E-01   3.096829633100000E+02   2.000000000000000E+00
  -9.663529033900000E-17   3.671901845600000E-01   1.471871550300000E+00   1.683182797100000E+00   1.513657390800000E-01   3.232078419100000E+02   2.000000000000000E+00
  -8.476031881000000E-17   3.671901957800000E-01   1.471928555900000E+00   1.683183896300000E+00   1.513657390800000E-01   3.376394753900000E+02   2.000000000000000E+00
  -7.457978905000000E-17   3.671902014800000E-01   1.471853587000000E+00   1.683221176000000E+00   1.513657390800000E-01   3.530608640400000E+02   2.000000000000000E+00
  -5.852867015300000E-17   3.671902016300000E-01   1.471876473000000E+00   1.683228042900000E+00   1.513657390800000E-01   3.695647387600000E+02   2.000000000000000E+00
  -6.806480475100000E-17   3.671902043600000E-01   1.471928559000000E+00   1.683155056200000E+00   1.513657390800000E-01   3.872549633400000E+02   2.000000000000000E+00
  -7.038353334700001E-17   3.671902055400000E-01   1.471862676400000E+00   1.683191249300000E+00   1.513657390800000E-01   4.062481819000000E+02   2.000000000000000E+00
  -4.858777585200000E-17   3.671902050800000E-01   1.471873137900000E+00   1.683218392100000E+00   1.513657390800000E-01   4.266757549600000E+02   2.000000000000000E+00
  -4.792853108600000E-17   3.671902057900000E-01   1.471925677500000E+00   1.683099835400000E+00   1.513657390800000E-01   4.486860474700000E+02   2.000000000000000E+00
  -6.223065443900000E-17   3.671902061000000E-01   1.471904090600000E+00   1.683209350600000E+00   1.513657390800000E-01   4.724471464500000E+02   2.000000000000000E+00
  -5.010616879300000E-17   3.671901527300000E-01   1.471927593500000E+00   1.683134950300000E+00   1.513657390800000E-01   4.981500964800000E+02   2.000000000000000E+00
  -5.149920390400000E-17   3.671901847600000E-01   1.471909379400000E+00   1.683179712000000E+00   1.513657390800000E-01   5.260127738600000E+02   2.000000000000000E+00
  -4.113240182100000E-17   3.671901983100000E-01   1.471849386200000E+00   1.683227690200000E+00   1.513657390800000E-01   5.562845488000000E+02   2.000000000000000E+00
  -3.809294681500000E-17   3.671901939000000E-01   1.471921532400000E+00   1.683106391500000E+00   1.513657390800000E-01   5.892519196800000E+02   2.000000000000000E+00
  -3.243526250100000E-17   3.671902021100000E-01   1.471862170600000E+00   1.683194369800000E+00   1.513657390800000E-01   6.252453652800000E+02   2.000000000000000E+00
  -2.876528850900000E-17   3.671902050300000E-01   1.471891226800000E+00   1.683227604000000E+00   1.513657390800000E-01   6.646477172500000E+02   2.000000000000000E+00
  -3.806796015600000E-17   3.671901885200000E-01   1.471878536700000E+00   1.683129266000000E+00   1.513657390800000E-01   7.079044621000000E+02   2.000000000000000E+00
  -3.299964491400000E-17   3.671901967000000E-01   1.471909483600000E+00   1.683187758500000E+00   1.513657390800000E-01   7.555364921500000E+02   2.000000000000000E+00
  -3.520260785500000E-17   3.671902022300000E-01   1.471928038500000E+00   1.683216136300000E+00   1.513657390800000E-01   8.081559964700000E+02   2.000000000000000E+00
  -2.823605784900000E-17   3.671902034600000E-01   1.471881939100000E+00   1.683180807400000E+00   1.513657390800000E-01   8.664864145000000E+02   2.000000000000000E+00
  -2.881659078100000E-17   3.671902051900000E-01   1.471902483600000E+00   1.683145052700000E+00   1.513657390800000E-01   9.313876800700000E+02   2.000000000000000E+00
  -2.677975501700000E-17   3.671902059300000E-01   1.471922705700000E+00   1.683070036300000E+00   1.513657390800000E-01   1.003888439500000E+03   2.000000000000000E+00
  -1.710804373600000E-17   3.671902038200000E-01   1.471870399600000E+00   1.683198505800000E+00   1.513657390800000E-01   1.085227526900000E+03   2.000000000000000E+00
  -1.829694248600000E-17   3.671902045400000E-01   1.471858569000000E+00   1.683211633200000E+00   1.513657390800000E-01   1.176907893300000E+03   2.000000000000000E+00
  -1.861952557400000E-17   3.671902056800000E-01   1.471827250500000E+00   1.683215517400000E+00   1.513657390800000E-01   1.280767460000000E+03   2.000000000000000E+00
  -2.689888425900000E-17   3.671901881900000E-01   1.471912390500000E+00   1.683141037900000E+00   1.513657390800000E-01   1.399073286100000E+03   2.000000000000000E+00
  -1.461162861500000E-17   3.671902028900000E-01   1.471923478800000E+00   1.683199358300000E+00   1.513657390800000E-01   1.534648286400000E+03   2.000000000000000E+00
  -1.476202604100000E-17   3.671902058300000E-01   1.471926999500000E+00   1.683223916600000E+00   1.513657390800000E-01   1.691044094100000E+03   2.000000000000000E+00
  -1.648410636700000E-17   3.671901862900000E-01   1.471921146800000E+00   1.683173283000000E+00   1.513657390800000E-01   1.872780440100000E+03   2.000000000000000E+00
  -8.517403474699999E-18   3.671902033500000E-01   1.471870523900000E+00   1.683225887700000E+00   1.513657390800000E-01   2.085682188400000E+03   2.000000000000000E+00
  -1.301030765200000E-17   3.671902060200000E-01   1.471798500600000E+00   1.683118619400000E+00   1.513657390800000E-01   2.337362706800000E+03   2.000000000000000E+00
  -8.424454351899999E-18   3.671902061600000E-01   1.471918973200000E+00   1.683191792700000E+00   1.513657390800000E-01   2.637931582900000E+03   2.000000000000000E+00
  -5.707182679400000E-18   3.671902063100000E-01   1.471821501500000E+00   1.683174218800000E+00   1.513657390800000E-01   3.001055237700000E+03   2.000000000000000E+00
  -6.299029901800000E-18   3.671902063300000E-01   1.471915209300000E+00   1.683198389400000E+00   1.513657390700000E-01   3.445589150600000E+03   2.000000000000000E+00
  -8.874382262200000E-18   3.671902061800000E-01   1.471928441700000E+00   1.683210629400000E+00   1.513657390800000E-01   3.998167509100000E+03   2.000000000000000E+00
  -5.270515589300000E-18   3.671902063300000E-01   1.471887692800000E+00   1.683180249100000E+00   1.513657390800000E-01   4.697460334000000E+03   2.000000000000000E+00
  -5.335931720100000E-18   3.671902063300000E-01   1.471845565400000E+00   1.683074113800000E+00   1.513657390700000E-01   5.601471192500000E+03   2.000000000000000E+00
  -5.406885707100000E-18   3.671902063000000E-01   1.471864240400000E+00   1.683191160100000E+00   1.513657390800000E-01   6.800693467700000E+03   2.000000000000000E+00
  -3.275416447100000E-18   3.671902063300000E-01   1.471899446200000E+00   1.683171076200000E+00   1.513657390800000E-01   8.443343765699999E+03   2.000000000000000E+00
  -2.550797617100000E-18   3.671902063300000E-01   1.471861250300000E+00   1.683227500300000E+00   1.513657390800000E-01   1.078770851600000E+04   2.000000000000000E+00
  -1.712283889700000E-18   3.671902062900000E-01   1.471890574400000E+00   1.683226921000000E+00   1.513657390800000E-01   1.432257236900000E+04   2.000000000000000E+00
  -1.779346421700000E-18   3.671902063300000E-01   1.471902077000000E+00   1.683128028900000E+00   1.513657390800000E-01   1.672835298500000E+04   2.000000000000000E+00
  -1.641565328000000E-18   3.671902063400000E-01   1.471672418200000E+00   1.683168872900000E+00   1.513657390800000E-01   1.973414127300000E+04   2.000000000000000E+00
  -1.224378119000000E-18   3.671902057900000E-01   1.471903815100000E+00   1.683171249300000E+00   1.513657390800000E-01   2.364544187900000E+04   2.000000000000000E+00
  -8.543225097800000E-19   3.671902063300000E-01   1.471857015500000E+00   1.683227993800000E+00   1.513657390800000E-01   2.887821732200000E+04   2.000000000000000E+00
  -7.538903666900000E-19   3.671902063300000E-01   1.471872457800000E+00   1.683220898400000E+00   1.513657390700000E-01   3.612325774400000E+04   2.000000000000000E+00
  -4.911817475200000E-19   3.671902062100000E-01   1.471928070700000E+00   1.683132629900000E+00   1.513657390800000E-01   4.661011303400000E+04   2.000000000000000E+00
  -2.855448379700000E-19   3.671902063300000E-01   1.471872013600000E+00   1.683043982400000E+00   1.513657390800000E-01   6.269858554800000E+04   2.000000000000000E+00
  -3.381539733500000E-19   3.671902063300000E-01   1.471892483300000E+00   1.682986439500000E+00   1.513657390800000E-01   6.310127471500000E+04   2.000000000000000E+00
  -2.551813461500000E-19   3.671902062900000E-01   1.471811451800000E+00   1.683226956000000E+00   1.513657390700000E-01   8.770002947600000E+04   2.000000000000000E+00
  -1.365554731500000E-19   3.671902062900000E-01   1.471831478400000E+00   1.683211228000000E+00   1.513657390500000E-01   1.199890398900000E+05   2.000000000000000E+00
  -1.929299601800000E-19   3.671902061500000E-01   1.471646512100000E+00   1.683173969200000E+00   1.513657389600000E-01   1.423117848800000E+05   2.000000000000000E+00
  -1.530600291500000E-19   3.671902059700000E-01   1.471907825700000E+00   1.683212820100000E+00   1.513657390800000E-01   1.707768909200000E+05   2.000000000000000E+00
  -1.371176685700000E-19   3.671902063300000E-01   1.471925229400000E+00   1.683227798100000E+00   1.513657390800000E-01   2.089354987400000E+05   2.000000000000000E+00
  -1.319427814800000E-19   3.671902063300000E-01   1.471884486200000E+00   1.683158497200000E+00   1.513657390700000E-01   2.619359310800000E+05   2.000000000000000E+00
  -6.896333507900000E-20   3.671902061500000E-01   1.471837562800000E+00   1.683194694000000E+00   1.513657390800000E-01   3.389759872500000E+05   2.000000000000000E+00
  -8.656115924500000E-20   3.671902062000000E-01   1.471499149700000E+00   1.683206875400000E+00   1.513657389900000E-01   4.581355085100000E+05   2.000000000000000E+00
  -3.781443416600000E-20   3.671902056200000E-01   1.471756879600000E+00   1.682880690600000E+00   1.513657386100000E-01   5.408418916300000E+05   2.000000000000000E+00
  -4.067825009400000E-20   3.671902057300000E-01   1.471917287900000E+00   1.683188497200000E+00   1.513657390800000E-01   6.457307513100000E+05   2.000000000000000E+00
  -2.890880895200000E-20   3.671902063200000E-01   1.471924871200000E+00   1.683067540700000E+00   1.513657390800000E-01   7.850936863200000E+05   2.000000000000000E+00
  -3.117315639800000E-20   3.671902063200000E-01   1.471840728600000E+00   1.682940001000000E+00   1.513657390700000E-01   9.764771042500000E+05   2.000000000000000E+00
  -2.397359147400000E-20   3.671902024800000E-01   1.471928224100000E+00   1.683191034700000E+00   1.513657390800000E-01   1.092690682000000E+06   2.000000000000000E+00
  -1.767515716700000E-20   3.671902063300000E-01   1.471928086200000E+00   1.683006621600000E+00   1.513657390700000E-01   1.639418563300000E+06   2.000000000000000E+00
  -1.659670876200000E-20   3.671902063000000E-01   1.471764718700000E+00   1.682989853400000E+00   1.513657390600000E-01   2.107198915800000E+06   2.000000000000000E+00
  -1.590880049700000E-20   3.671902049200000E-01   1.471918891600000E+00   1.683206106600000E+00   1.513657390800000E-01   2.400556506800000E+06   2.000000000000000E+00
  -1.108823650000000E-20   3.671902051600000E-01   1.471927746400000E+00   1.683224699800000E+00   1.513657390800000E-01   2.423278439800000E+06   2.000000000000000E+00
  -1.030746854400000E-20   3.671902062700000E-01   1.471795401300000E+00   1.683089573100000E+00   1.513657390800000E-01   2.776328428200000E+06   2.000000000000000E+00
  -6.293533975300000E-21   3.671901689500000E-01   1.471820851900000E+00   1.683130352700000E+00   1.513657390700000E-01   3.220411475400000E+06   2.000000000000000E+00
  -8.362370244000000E-21   3.671902043700000E-01   1.471900177200000E+00   1.683008608400000E+00   1.513657390800000E-01   3.782190511500000E+06   2.000000000000000E+00
  -5.517853653900000E-21   3.671902064100000E-01   1.471925474100000E+00   1.683222638500000E+00   1.513657391500000E-01   4.507942759500000E+06   2.000000000000000E+00
  -6.515887121700000E-21   3.671901995600000E-01   1.471922707400000E+00   1.683080698400000E+00   1.513657390700000E-01   5.469900912700000E+06   2.000000000000000E+00
  -6.519559498100000E-21   3.671902003700000E-01   1.471927988800000E+00   1.683025153500000E+00   1.513657390700000E-01   5.507474340000000E+06   2.000000000000000E+00
  -2.875721328700000E-21   3.671902062900000E-01   1.471659186100000E+00   1.683107659700000E+00   1.513657390500000E-01   7.669322029200000E+06   2.000000000000000E+00
  -2.225812426400000E-21   3.671902028100000E-01   1.471834832600000E+00   1.683206749200000E+00   1.513657390700000E-01   9.317203491900001E+06   2.000000000000000E+00
  -1.772361265100000E-21   3.671902062800000E-01   1.471889937100000E+00   1.683222735300000E+00   1.513657390700000E-01   1.150208214300000E+07   2.000000000000000E+00
  -1.955030960000000E-21   3.671902063100000E-01   1.471886357900000E+00   1.683168413800000E+00   1.513657390600000E-01   1.458429306100000E+07   2.000000000000000E+00
  -1.674764194900000E-21   3.671902061800000E-01   1.471928380100000E+00   1.683141553200000E+00   1.513657390800000E-01   1.916295890500000E+07   2.000000000000000E+00
  -1.660160327400000E-21   3.671902062700000E-01   1.471844023600000E+00   1.683223766900000E+00   1.513657390700000E-01   1.991799942500000E+07   2.000000000000000E+00
  -8.117676186400000E-22   3.671902062700000E-01   1.471653858200000E+00   1.683227987800000E+00   1.513657390400000E-01   2.722227715900000E+07   2.000000000000000E+00
  -1.034193375100000E-21   3.671902052600000E-01   1.471927619800000E+00   1.683188725900000E+00   1.513657390800000E-01   3.264167613700000E+07   2.000000000000000E+00
  -6.987121985700000E-22   3.671902063200000E-01   1.471914617000000E+00   1.683209380500000E+00   1.513657390700000E-01   3.969034994100000E+07   2.000000000000000E+00
  -7.304598934400000E-22   3.671902063100000E-01   1.471706277600000E+00   1.683190103700000E+00   1.513657390600000E-01   4.936438936800000E+07   2.000000000000000E+00
  -4.217248582800000E-22   3.671902060300000E-01   1.471815614200000E+00   1.683222740600000E+00   1.513657390800000E-01   6.321647747300000E+07   2.000000000000000E+00
  -3.493731149400000E-22   3.671902063100000E-01   1.471777451500000E+00   1.683178983100000E+00   1.513657390600000E-01   8.419791533700000E+07   2.000000000000000E+00
  -3.170843700000000E-22   3.671902062600000E-01   1.471807582000000E+00   1.683018322500000E+00   1.513657390300000E-01   9.298187972600000E+07   2.000000000000000E+00
  -3.018259630900000E-22   3.671902047500000E-01   1.471878372200000E+00   1.683220358300000E+00   1.513657390800000E-01   1.090338439700000E+08   2.000000000000000E+00
  -2.347247041300000E-22   3.671902063000000E-01   1.471783378000000E+00   1.683222091600000E+00   1.513657390800000E-01   1.301159149400000E+08   2.000000000000000E+00
  -2.856788477900000E-22   3.671902063100000E-01   1.471852912200000E+00   1.683216550400000E+00   1.513657390800000E-01   1.326472130300000E+08   2.000000000000000E+00
  -8.067566559200001E-23   3.671901980600000E-01   1.471781908500000E+00   1.683227901200000E+00   1.513657390700000E-01   1.606455920600000E+08   2.000000000000000E+00
  -1.308694393900000E-22   3.671901991300000E-01   1.471801748200000E+00   1.683224802800000E+00   1.513657390700000E-01   1.618601656800000E+08   2.000000000000000E+00
  -9.767918805000000E-23   3.671902062300000E-01   1.471850830000000E+00   1.683228059800000E+00   1.513657390700000E-01   2.002360923600000E+08   2.000000000000000E+00
  -9.071992839900000E-23   3.671902021700000E-01   1.471913254500000E+00   1.683220492400000E+00   1.513657390700000E-01   2.568681590100000E+08   2.000000000000000E+00
  -9.708090585300000E-23   3.671902060600000E-01   1.471924311300000E+00   1.683197847000000E+00   1.513657390700000E-01   2.940357083800000E+08   2.000000000000000E+00
  -1.073691032700000E-22   3.671902063000000E-01   1.471921409000000E+00   1.683078858900000E+00   1.513657390600000E-01   3.391861112400000E+08   2.000000000000000E+00
  -6.110625844300000E-23   3.671901998200000E-01   1.471925370500000E+00   1.683067237200000E+00   1.513657390800000E-01   3.957433899000000E+08   2.000000000000000E+00
  -5.437643451800000E-23   3.671901959400000E-01   1.471871156800000E+00   1.683195187600000E+00   1.513657390800000E-01   3.858222586500000E+08   2.000000000000000E+00
  -2.952263255000000E-23   3.671902062600000E-01   1.471908347000000E+00   1.683205142600000E+00   1.513657390700000E-01   4.964759976600000E+08   2.000000000000000E+00
  -3.718964565300000E-23   3.671900280800000E-01   1.471870792900000E+00   1.683224595900000E+00   1.513657390800000E-01   5.028033395200000E+08   2.000000000000000E+00
  -4.473113658900000E-23   3.671901878100000E-01   1.471916125500000E+00   1.683042854700000E+00   1.513657390700000E-01   5.770326259700000E+08   2.000000000000000E+00
  -2.520293683800000E-23   3.671902052700000E-01   1.471741238200000E+00   1.683226917300000E+00   1.513657390700000E-01   6.708609663300000E+08   2.000000000000000E+00
  -3.395310610300000E-23   3.671896568400000E-01   1.471828721200000E+00   1.683113725300000E+00   1.513657390800000E-01   6.654203973800000E+08   2.000000000000000E+00
  -3.241756629600000E-23   3.671901970300000E-01   1.471928377800000E+00   1.683203127400000E+00   1.513657390700000E-01   8.564827816100000E+08   2.000000000000000E+00
  -3.246868335100000E-23   3.671902062600000E-01   1.471914720500000E+00   1.683048760000000E+00   1.513657390500000E-01   1.114009736700000E+09   2.000000000000000E+00
  -7.777406815800001E-24   3.671902059000000E-01   1.471791265900000E+00   1.683226987300000E+00   1.513657390700000E-01   1.548748484500000E+09   2.000000000000000E+00
  -2.031101374300000E-23   3.671902062700000E-01   1.471906727300000E+00   1.683214694900000E+00   1.513657390700000E-01   1.704136643500000E+09   2.000000000000000E+00
  -6.668595690200001E-24   3.671902062600000E-01   1.471790970500000E+00   1.682859283900000E+00   1.513657390300000E-01   2.067895718900000E+09   2.000000000000000E+00
  -1.661621603600000E-23   3.671901651200000E-01   1.471924429400000E+00   1.683142905700000E+00   1.513657390800000E-01   2.082282357500000E+09   2.000000000000000E+00
  -1.418771673500000E-23   3.671902055900000E-01   1.471829103800000E+00   1.683195890300000E+00   1.513657390800000E-01   2.581033485400000E+09   2.000000000000000E+00
  -5.743938099100000E-24   3.671902063200000E-01   1.471924704900000E+00   1.683226098900000E+00   1.513657390700000E-01   3.875821977600000E+09   2.000000000000000E+00
  -9.340185349200000E-24   3.671901902900000E-01   1.471903161000000E+00   1.683138711300000E+00   1.513657390800000E-01   4.058243823900000E+09   2.000000000000000E+00
  -1.016704584800000E-23   3.671902003200000E-01   1.471869483800000E+00   1.683225735100000E+00   1.513657390800000E-01   4.282906760200000E+09   2.000000000000000E+00
  -6.082721507000000E-24   3.671902009800000E-01   1.471843789000000E+00   1.683216219600000E+00   1.513657390800000E-01   4.309548417100000E+09   2.000000000000000E+00
  -6.342372375000000E-24   3.671888945900000E-01   1.471924769600000E+00   1.683185735000000E+00   1.513657390500000E-01   4.555538353900000E+09   2.000000000000000E+00
  -7.582585585000001E-24   3.671887330500000E-01   1.471925414800000E+00   1.683170579700000E+00   1.513657390600000E-01   4.515340247900000E+09   2.000000000000000E+00
  -9.194302733300000E-24   3.671884866900000E-01   1.471850591800000E+00   1.683178644600000E+00   1.513657390600000E-01   4.461111630900000E+09   2.000000000000000E+00
  -9.194302733300000E-24   3.671876571600000E-01   1.471928116300000E+00   1.683104366600000E+00   1.513657390600000E-01   4.461111630900000E+09   2.000000000000000E+00

