   0.000000000000000E+00   8.409244443500000E-01   8.409244443500000E-01   7.071539211000000E-01  -4.733983189300000E-02   7.609143947100000E+00   0.000000000000000E+00
   6.330205230900000E-16   8.400602380500000E-01   8.417873262000000E-01   7.082730269200000E-01  -4.733973221700000E-02   7.609154263600000E+00   3.000000000000000E+00
   3.596829524000000E-16   8.387614495800000E-01   8.430791585700000E-01   7.099485740500000E-01  -4.733920795300000E-02   7.609208455600000E+00   3.000000000000000E+00
   6.403372610300000E-16   8.368077029200000E-01   8.450112833700000E-01   7.124548292400000E-01  -4.733757891000000E-02   7.609376841400000E+00   3.000000000000000E+00
   3.160137911000000E-16   8.338646606800000E-01   8.478966181299999E-01   7.161980723900000E-01  -4.733323893700000E-02   7.609825407200000E+00   3.000000000000000E+00
   4.720080755300000E-16   8.309069916400000E-01   8.507662972100000E-01   7.199215083100000E-01  -4.732662235100000E-02   7.610509178600000E+00   3.000000000000000E+00
   4.947626377500000E-16   8.279348218800000E-01   8.536196860900001E-01   7.236240968500000E-01  -4.731772782900000E-02   7.611428170900000E+00   3.000000000000000E+00
   4.015815456100000E-16   8.263158864300000E-01   8.551617836500000E-01   7.256252199400000E-01  -4.731194597600000E-02   7.612025444500000E+00   3.000000000000000E+00
   4.343580323600000E-16   8.209846855900000E-01   8.601790709900000E-01   7.321373690900000E-01  -4.728830056200000E-02   7.614467117700000E+00   3.000000000000000E+00
   2.014595545700000E-16   8.156110082400000E-01   8.651436714000000E-01   7.385816701800000E-01  -4.725742596900000E-02   7.617653048200000E+00   3.000000000000000E+00
   5.258000845300000E-16   8.101962045200000E-01   8.700539032700000E-01   7.449562101500000E-01  -4.721930470600000E-02   7.621583283400000E+00   3.000000000000000E+00
   2.097246235600000E-16   8.047419937700000E-01   8.749093016800000E-01   7.512580787100001E-01  -4.717391215600000E-02   7.626258217900000E+00   3.000000000000000E+00
   5.979475053300000E-16   7.992473144000000E-01   8.797087030000000E-01   7.574849478800000E-01  -4.712121924800000E-02   7.631678331200000E+00   3.000000000000000E+00
   4.753769953000000E-16   7.937173569100000E-01   8.844491440400000E-01   7.636353501100001E-01  -4.706119256200000E-02   7.637844193400000E+00   3.000000000000000E+00
   4.498278509600000E-16   7.902455319700000E-01   8.873800490900000E-01   7.674368700600001E-01  -4.701996289800000E-02   7.642074003600000E+00   3.000000000000000E+00
   6.232356720300000E-16   7.846603150900000E-01   8.920248441700001E-01   7.734579726900001E-01  -4.694794932200000E-02   7.649451886200000E+00   3.000000000000000E+00
   3.993696982900000E-16   7.790418365800000E-01   8.966080957900000E-01   7.793976072800000E-01  -4.686848705700000E-02   7.657578251300000E+00   3.000000000000000E+00
   4.642711467000000E-16   7.733930882900000E-01   9.011288389300000E-01   7.852524846000000E-01  -4.678154574800000E-02   7.666452240100000E+00   3.000000000000000E+00
   4.217414731000000E-16   7.677173786500000E-01   9.055889085000000E-01   7.910249932600000E-01  -4.668705287200000E-02   7.676077048600000E+00   3.000000000000000E+00
   5.551197715900000E-16   7.620090853900000E-01   9.099836668800000E-01   7.967084397100000E-01  -4.658496364400000E-02   7.686452816400000E+00   3.000000000000000E+00
   4.870892017700000E-16   7.562743431400000E-01   9.143134532500000E-01   8.023048621300000E-01  -4.647521949700000E-02   7.697580895700000E+00   3.000000000000000E+00
   5.145219663300000E-16   7.505156082400000E-01   9.185792119100000E-01   8.078137089500000E-01  -4.635775875800000E-02   7.709462791700000E+00   3.000000000000000E+00
   4.605674495000000E-16   7.447344957499999E-01   9.227768080700000E-01   8.132296703100000E-01  -4.623251686200000E-02   7.722100173200000E+00   3.000000000000000E+00
   6.320687674900000E-16   7.389317642600000E-01   9.269068041600000E-01   8.185520593100000E-01  -4.609942656700000E-02   7.735494883500000E+00   3.000000000000000E+00
   3.612837626500000E-16   7.331023969300000E-01   9.309701906800000E-01   8.237812902400000E-01  -4.595841818800000E-02   7.749648951900000E+00   3.000000000000000E+00
   4.099065388900000E-16   7.272579573800000E-01   9.349629867800000E-01   8.289135886800000E-01  -4.580941983000000E-02   7.764564605500000E+00   3.000000000000000E+00
   5.350914423500000E-16   7.213962444699999E-01   9.388858856500000E-01   8.339495526300000E-01  -4.565235763000000E-02   7.780244281400000E+00   3.000000000000000E+00
   2.923652130300000E-16   7.155228789700000E-01   9.427392633600000E-01   8.388914698500000E-01  -4.548715600400000E-02   7.796690639400000E+00   3.000000000000000E+00
   3.102807296400000E-16   7.096315746300000E-01   9.465211931300000E-01   8.437306687100000E-01  -4.531373790100000E-02   7.813906574100000E+00   3.000000000000000E+00
   3.477363908700000E-16   7.037241977100001E-01   9.502321518300000E-01   8.484754901900000E-01  -4.513202505700000E-02   7.831895228300000E+00   3.000000000000000E+00
   4.803059254600000E-16   6.978030039400001E-01   9.538699523900001E-01   8.531157816900000E-01  -4.494193825900000E-02   7.850660005900000E+00   3.000000000000000E+00
   3.569699099800000E-16   6.918757204800000E-01   9.574355109900000E-01   8.576585695900000E-01  -4.474339760500000E-02   7.870204585600000E+00   3.000000000000000E+00
   4.166647061200000E-16   6.859398566300000E-01   9.609275200200000E-01   8.620980199400000E-01  -4.453632277500000E-02   7.890532933800000E+00   3.000000000000000E+00
   4.562865832600000E-16   6.799962367000000E-01   9.643451881100000E-01   8.664297461900000E-01  -4.432063329400000E-02   7.911649318800000E+00   3.000000000000000E+00
   6.666317991500000E-16   6.740472350300000E-01   9.676886247199999E-01   8.706643856300000E-01  -4.409624880900000E-02   7.933558324100000E+00   3.000000000000000E+00
   6.015574442600000E-16   6.680937968100000E-01   9.709570789999999E-01   8.747934600300000E-01  -4.386308935600000E-02   7.956264862700000E+00   3.000000000000000E+00
   3.417863791900000E-16   6.621332654800000E-01   9.741496072300000E-01   8.788150851099999E-01  -4.362107563600000E-02   7.979774191000000E+00   3.000000000000000E+00
   2.311370086100000E-16   6.561742251600000E-01   9.772668853000001E-01   8.827341474900000E-01  -4.337012929200000E-02   8.004091923000001E+00   3.000000000000000E+00
   2.689364547700000E-16   6.502124235600000E-01   9.803079964100000E-01   8.865457809400000E-01  -4.311017317900000E-02   8.029224044399999E+00   3.000000000000000E+00
   3.113462728100000E-16   6.442455535200000E-01   9.832720726000000E-01   8.902505658700000E-01  -4.284113164600000E-02   8.055176927200000E+00   3.000000000000000E+00
   4.072848283600000E-16   6.382870481500000E-01   9.861598391400000E-01   8.938465415100000E-01  -4.256293081200000E-02   8.081957344399999E+00   3.000000000000000E+00
   5.495987532800000E-16   6.323318898500000E-01   9.889704685900000E-01   8.973346399800000E-01  -4.227549884200000E-02   8.109572484399999E+00   3.000000000000000E+00
   2.873310737700000E-16   6.263824627300000E-01   9.917033368000000E-01   9.007220758900000E-01  -4.197876622700000E-02   8.138029966200000E+00   3.000000000000000E+00
   3.292100542200000E-16   6.204333400800000E-01   9.943588566900000E-01   9.040011822600000E-01  -4.167266606400000E-02   8.167337854099999E+00   3.000000000000000E+00
   2.678440420000000E-16   6.144912581400001E-01   9.969364531500000E-01   9.071705947199999E-01  -4.135713433500000E-02   8.197504673499999E+00   3.000000000000000E+00
   4.537773025500000E-16   6.085555987600000E-01   9.994355554800000E-01   9.102272709000000E-01  -4.103211018800000E-02   8.228539425799999E+00   3.000000000000000E+00
   4.562876681300000E-16   6.026316470000000E-01   1.001856614600000E+00   9.131812865100000E-01  -4.069753622100000E-02   8.260451604600000E+00   3.000000000000000E+00
   3.478704983400000E-16   5.967183472000001E-01   1.004199113200000E+00   9.160249371300000E-01  -4.035335875900000E-02   8.293251211399999E+00   3.000000000000000E+00
   4.078048341000000E-16   5.908203445300000E-01   1.006461962300000E+00   9.187539684900000E-01  -3.999952814400000E-02   8.326948772100000E+00   3.000000000000000E+00
   4.089690029000000E-16   5.849308274400000E-01   1.008647959900000E+00   9.213823665899999E-01  -3.963599901400000E-02   8.361555353500000E+00   3.000000000000000E+00
   3.645124611200000E-16   5.790554811400001E-01   1.010755808400000E+00   9.239000666600000E-01  -3.926273059400000E-02   8.397082580499999E+00   3.000000000000000E+00
   3.337147108800000E-16   5.732033803800000E-01   1.012785753600000E+00   9.263058021600000E-01  -3.887968698000000E-02   8.433542653300000E+00   3.000000000000000E+00
   4.139140254900000E-16   5.673587538000000E-01   1.014735671700000E+00   9.286051726600000E-01  -3.848683742600000E-02   8.470948365300000E+00   3.000000000000000E+00
   4.321422376400000E-16   5.615317567800000E-01   1.016606487900000E+00   9.307936725400000E-01  -3.808415663700000E-02   8.509313121400000E+00   3.000000000000000E+00
   4.042010700200000E-16   5.557187494400000E-01   1.018398684200000E+00   9.328730266900001E-01  -3.767162505500000E-02   8.548650957000000E+00   3.000000000000000E+00
   5.332165509500000E-16   5.499315728900001E-01   1.020110781800000E+00   9.348447229100000E-01  -3.724922915600000E-02   8.588976556700000E+00   3.000000000000000E+00
   4.009214892800000E-16   5.441653141100000E-01   1.021743462700000E+00   9.367056786300000E-01  -3.681696174100000E-02   8.630305275300000E+00   3.000000000000000E+00
   4.730719077300000E-16   5.384263549500000E-01   1.023296506400000E+00   9.384593824800000E-01  -3.637482222700000E-02   8.672653157299999E+00   3.000000000000000E+00
   3.379564356900000E-16   5.327058075000000E-01   1.024769972100000E+00   9.401032845800000E-01  -3.592281694700000E-02   8.716036958900000E+00   3.000000000000000E+00
   4.255840715900000E-16   5.270094209400000E-01   1.026163772500000E+00   9.416367883300000E-01  -3.546095944100000E-02   8.760474169700000E+00   3.000000000000000E+00
   2.721385291000000E-16   5.213378160500000E-01   1.027476394500000E+00   9.430661673700000E-01  -3.498927075600000E-02   8.805983035600001E+00   3.000000000000000E+00
   3.490065607900000E-16   5.156929960800000E-01   1.028710266000000E+00   9.443833858100000E-01  -3.450777974000000E-02   8.852582582000000E+00   3.000000000000000E+00
   3.257433671200000E-16   5.100756034800000E-01   1.029871001900000E+00   9.455907787300000E-01  -3.401652333600000E-02   8.900292639000000E+00   3.000000000000000E+00
   4.075311872600000E-16   5.044784372900000E-01   1.030953421600000E+00   9.466981169100001E-01  -3.351554688200000E-02   8.949133866100000E+00   3.000000000000000E+00
   3.279881907000000E-16   4.989185956500000E-01   1.031955130100000E+00   9.476911065800000E-01  -3.300490440100000E-02   8.999127778900000E+00   3.000000000000000E+00
   3.449010904800000E-16   4.933896614700000E-01   1.032877431500000E+00   9.485750957500000E-01  -3.248465889700000E-02   9.050296776600000E+00   3.000000000000000E+00
   3.188086207800000E-16   4.878923122500000E-01   1.033719964000000E+00   9.493624951100000E-01  -3.195488264200000E-02   9.102664170500001E+00   3.000000000000000E+00
   4.388786057900000E-16   4.824283767400000E-01   1.034483009100000E+00   9.500346879100000E-01  -3.141565746600000E-02   9.156254213700000E+00   3.000000000000000E+00
   3.670697876000000E-16   4.769984924900000E-01   1.035166573000000E+00   9.505989731700000E-01  -3.086707504300000E-02   9.211092131799999E+00   3.000000000000000E+00
   2.260330081400000E-16   4.716125646100000E-01   1.035774807000000E+00   9.510671128500000E-01  -3.030923716600000E-02   9.267204155900000E+00   3.000000000000000E+00
   1.455946838200000E-16   4.662548590000000E-01   1.036309581600000E+00   9.514219105800000E-01  -2.974225603000000E-02   9.324617555300000E+00   3.000000000000000E+00
   1.472148269600000E-16   4.609331910300000E-01   1.036765616800000E+00   9.516701680900000E-01  -2.916625449200000E-02   9.383360673100000E+00   3.000000000000000E+00
   2.883978331200000E-16   4.556413456200000E-01   1.037142570400000E+00   9.518225795300000E-01  -2.858136634300000E-02   9.443462962600000E+00   3.000000000000000E+00
   1.919920755500000E-16   4.503981203600000E-01   1.037440294200000E+00   9.518644098100000E-01  -2.798773655800000E-02   9.504955025299999E+00   3.000000000000000E+00
   3.207535506500000E-16   4.451955143600000E-01   1.037659355800000E+00   9.518013783400000E-01  -2.738552154800000E-02   9.567868650699999E+00   3.000000000000000E+00
   2.480997415600000E-16   4.400396971900000E-01   1.037809144700000E+00   9.516417317600000E-01  -2.677488939100000E-02   9.632236857800001E+00   3.000000000000000E+00
   2.419847278800000E-16   4.349205955500000E-01   1.037884498400000E+00   9.513753641900000E-01  -2.615602006800000E-02   9.698093938100000E+00   3.000000000000000E+00
   2.184480277800000E-16   4.298452830400000E-01   1.037882255400000E+00   9.510061599700000E-01  -2.552910567300000E-02   9.765475500899999E+00   3.000000000000000E+00
   3.351506929500000E-16   4.248132950000000E-01   1.037800702300000E+00   9.505398268100000E-01  -2.489435061900000E-02   9.834418519900000E+00   3.000000000000000E+00
   3.093143032400000E-16   4.198302620900000E-01   1.037642127400000E+00   9.499727395799999E-01  -2.425197183400000E-02   9.904961382200000E+00   3.000000000000000E+00
   2.912004405300000E-16   4.148944073800000E-01   1.037420041600000E+00   9.493052559600000E-01  -2.360219893100000E-02   9.977143939499999E+00   3.000000000000000E+00
   1.212900564200000E-16   4.100114047000000E-01   1.037125750400000E+00   9.485346548900000E-01  -2.294527437400000E-02   1.005100756100000E+01   3.000000000000000E+00
   2.662796085300000E-16   4.051740061700000E-01   1.036752902500000E+00   9.476742326399999E-01  -2.228145362400000E-02   1.012659518600000E+01   3.000000000000000E+00
   2.518694818200000E-16   4.003825831100000E-01   1.036304281900000E+00   9.467163137800000E-01  -2.161100526900000E-02   1.020395138800000E+01   3.000000000000000E+00
   1.506364863100000E-16   3.956362236700000E-01   1.035790023200000E+00   9.456580778400000E-01  -2.093421113200000E-02   1.028312242500000E+01   3.000000000000000E+00
   1.965244457900000E-16   3.909475075000000E-01   1.035208910100000E+00   9.445109679200000E-01  -2.025136637000000E-02   1.036415630800000E+01   3.000000000000000E+00
   1.501411721600000E-16   3.863120625900000E-01   1.034553820600000E+00   9.432697822600000E-01  -1.956277954300000E-02   1.044710286100000E+01   3.000000000000000E+00
   1.603112053000000E-16   3.817322176900000E-01   1.033821827300000E+00   9.419327232400000E-01  -1.886877266900000E-02   1.053201378800000E+01   3.000000000000000E+00
   1.475841716700000E-16   3.772074956200000E-01   1.033033524800000E+00   9.405096045700000E-01  -1.816968126100000E-02   1.061894274300000E+01   3.000000000000000E+00
   1.513703755800000E-16   3.727391164900000E-01   1.032179284100000E+00   9.389964486500000E-01  -1.746585433500000E-02   1.070794539500000E+01   3.000000000000000E+00
   1.504553369800000E-16   3.683305906500000E-01   1.031252249800000E+00   9.373878098300000E-01  -1.675765440300000E-02   1.079907950400000E+01   3.000000000000000E+00
   1.891321961000000E-16   3.639683960100000E-01   1.030253918500000E+00   9.356959558300000E-01  -1.604545743900000E-02   1.089240499400000E+01   3.000000000000000E+00
   1.764163170500000E-16   3.596648799300000E-01   1.029208512900000E+00   9.339188007600000E-01  -1.532965282400000E-02   1.098798402800000E+01   3.000000000000000E+00
   1.217036403000000E-16   3.554208455100000E-01   1.028094887700000E+00   9.320710862200000E-01  -1.461064327200000E-02   1.108588108300000E+01   3.000000000000000E+00
   9.554082116100001E-17   3.512415788700000E-01   1.026911018100000E+00   9.301373788800000E-01  -1.388884471800000E-02   1.118616302700000E+01   3.000000000000000E+00
   1.378339654600000E-16   3.471238846900000E-01   1.025674356700000E+00   9.281239088500000E-01  -1.316468619900000E-02   1.128889920300000E+01   3.000000000000000E+00
   5.466011344500000E-17   3.430571098800000E-01   1.024384610600000E+00   9.260291918200000E-01  -1.243860969900000E-02   1.139416149900000E+01   3.000000000000000E+00
   8.979256144700000E-17   3.390609475700000E-01   1.023026271100000E+00   9.238588036800000E-01  -1.171106996100000E-02   1.150202443400000E+01   3.000000000000000E+00
   1.004881318400000E-16   3.351285678700000E-01   1.021615022200000E+00   9.216150861000000E-01  -1.098253429100000E-02   1.161256522800000E+01   3.000000000000000E+00
   1.071849412400000E-16   3.312471675400000E-01   1.020160118500000E+00   9.193137555300001E-01  -1.025348231100000E-02   1.172586388300000E+01   3.000000000000000E+00
   8.560550463000000E-17   3.274316788600000E-01   1.018640522000000E+00   9.169335317500000E-01  -9.524405697100001E-03   1.184200325500000E+01   3.000000000000000E+00
   4.483089105700000E-17   3.236816679700000E-01   1.017071444800000E+00   9.144874025900001E-01  -8.795807873700000E-03   1.196106912400000E+01   3.000000000000000E+00
   5.685113468700000E-17   3.200097256200000E-01   1.015465477800000E+00   9.119799364500000E-01  -8.068203680400000E-03   1.208315025600000E+01   3.000000000000000E+00
   5.313358588300000E-17   3.163820174200000E-01   1.013797456300000E+00   9.094149994900000E-01  -7.342118992000000E-03   1.220833846900000E+01   3.000000000000000E+00
   4.985212075400000E-17   3.128211760000000E-01   1.012095761600000E+00   9.067926788200000E-01  -6.618090303000000E-03   1.233672868100000E+01   3.000000000000000E+00
   7.630739893900001E-17   3.093301322000000E-01   1.010352588800000E+00   9.041168586400000E-01  -5.896664258900000E-03   1.246841895600000E+01   3.000000000000000E+00
   3.844912805600000E-17   3.059083873100000E-01   1.008557967500000E+00   9.013882314100000E-01  -5.178397137500000E-03   1.260351053900000E+01   3.000000000000000E+00
   4.521948372100000E-17   3.025498509600000E-01   1.006734629400000E+00   8.986119421700000E-01  -4.463854268500000E-03   1.274210787800000E+01   3.000000000000000E+00
   2.785543148000000E-17   2.992414221400000E-01   1.004879387300000E+00   8.957822684300000E-01  -3.753609387100000E-03   1.288431862900000E+01   3.000000000000000E+00
   2.903742064600000E-17   2.960109230600000E-01   1.002980882500000E+00   8.929254148700000E-01  -3.048243910800000E-03   1.303025365500000E+01   3.000000000000000E+00
   2.501858215400000E-17   2.928487806600000E-01   1.001056375700000E+00   8.900319024300000E-01  -2.348346129900000E-03   1.318002699600000E+01   3.000000000000000E+00
   1.170209404100000E-17   2.897397518200000E-01   9.991039659600000E-01   8.870933965600000E-01  -1.654510300100000E-03   1.333375582300000E+01   3.000000000000000E+00
   8.406857637600000E-18   2.867054345500000E-01   9.971377176600000E-01   8.841363769300000E-01  -9.673356266700000E-04   1.349156037300000E+01   3.000000000000000E+00
   2.616952866700000E-18   2.837393279200000E-01   9.951371135900000E-01   8.811588954100000E-01  -2.874251214000000E-04   1.365356385300000E+01   3.000000000000000E+00
  -4.130547296500000E-18   2.808174979600000E-01   9.931146200400000E-01   8.781697875900000E-01   3.846156761200000E-04   1.381989232600000E+01   3.000000000000000E+00
  -1.333490402300000E-17   2.779710302800000E-01   9.910973913800000E-01   8.751558723200000E-01   1.048180130900000E-03   1.399067456000000E+01   3.000000000000000E+00
  -1.037912613600000E-17   2.751920450600000E-01   9.890545009100000E-01   8.721311765200001E-01   1.702662118200000E-03   1.416604185800000E+01   3.000000000000000E+00
  -1.771358384400000E-17   2.724693313400000E-01   9.870081312600000E-01   8.691012098200001E-01   2.347457809800000E-03   1.434612784900000E+01   3.000000000000000E+00
  -2.097033664500000E-17   2.698056908200000E-01   9.849476932800000E-01   8.660688799600000E-01   2.981967665700000E-03   1.453106826300000E+01   3.000000000000000E+00
  -2.886374619200000E-17   2.672082736500000E-01   9.828943879699999E-01   8.630404281800000E-01   3.605598631600000E-03   1.472100066400000E+01   3.000000000000000E+00
  -3.651361262600000E-17   2.646933882100000E-01   9.808408005600000E-01   8.600191181200000E-01   4.217766566500000E-03   1.491606417500000E+01   3.000000000000000E+00
  -3.919320219100000E-17   2.622006139600000E-01   9.787938270900000E-01   8.570157227400000E-01   4.817898893500000E-03   1.511639916900000E+01   3.000000000000000E+00
  -2.919533568300000E-17   2.597722771400000E-01   9.767622573400000E-01   8.540316995900000E-01   5.405437486000000E-03   1.532214695600000E+01   3.000000000000000E+00
  -4.472143597700000E-17   2.574136648900000E-01   9.747365278400000E-01   8.510686638700000E-01   5.979841771800000E-03   1.553344946000000E+01   3.000000000000000E+00
  -2.480432086600000E-17   2.551028112600000E-01   9.727319536900000E-01   8.481370565900000E-01   6.540592051500000E-03   1.575044890100000E+01   3.000000000000000E+00
  -4.031576131800000E-17   2.528542494800000E-01   9.707357935399999E-01   8.452404287600001E-01   7.087192994400000E-03   1.597328749200000E+01   3.000000000000000E+00
  -7.746247598900000E-17   2.506716486900000E-01   9.687809849000000E-01   8.423910613300000E-01   7.619177290200000E-03   1.620210716700000E+01   3.000000000000000E+00
  -6.595083304100000E-17   2.485209763000000E-01   9.668546047000000E-01   8.395810093900000E-01   8.136109394000000E-03   1.643704935100000E+01   3.000000000000000E+00
  -8.952666197000000E-17   2.464302794000000E-01   9.649582481700000E-01   8.368211008000001E-01   8.637589321500000E-03   1.667825479500000E+01   3.000000000000000E+00
  -9.677274958300001E-17   2.443951268500000E-01   9.630954285100000E-01   8.341221217300000E-01   9.123256403400001E-03   1.692586348200000E+01   3.000000000000000E+00
  -6.467949374700000E-17   2.424168637700000E-01   9.612681267199999E-01   8.314808104100000E-01   9.592792932900000E-03   1.718001463400000E+01   3.000000000000000E+00
  -7.164850924600000E-17   2.404795350900000E-01   9.594826780100000E-01   8.289034569300000E-01   1.004592760100000E-02   1.744084682800000E+01   3.000000000000000E+00
  -8.727573563999999E-17   2.385889634600000E-01   9.577486493800000E-01   8.263916153500001E-01   1.048243863200000E-02   1.770849822900000E+01   3.000000000000000E+00
  -9.998169189600000E-17   2.367573585000000E-01   9.560654908600000E-01   8.239548640900000E-01   1.090215651500000E-02   1.798310697000000E+01   3.000000000000000E+00
  -1.077308932400000E-16   2.349617566300000E-01   9.544136407200000E-01   8.215932171200000E-01   1.130496623700000E-02   1.826481166100000E+01   3.000000000000000E+00
  -7.262495755000001E-17   2.332226801000000E-01   9.528400130600000E-01   8.193067521600000E-01   1.169080893000000E-02   1.855375205400000E+01   3.000000000000000E+00
  -1.049616978100000E-16   2.315160422500000E-01   9.513027862400000E-01   8.171050602700000E-01   1.205968284800000E-02   1.885006983600000E+01   3.000000000000000E+00
  -5.839974982800000E-17   2.298614269800000E-01   9.498398391000000E-01   8.149862027100000E-01   1.241164364200000E-02   1.915390957000000E+01   3.000000000000000E+00
  -7.961303059800000E-17   2.282502526100000E-01   9.484167745199999E-01   8.129490633000001E-01   1.274680387000000E-02   1.946541974600000E+01   3.000000000000000E+00
  -1.100425161000000E-16   2.266836883200000E-01   9.470609872900000E-01   8.110018090600000E-01   1.306533174900000E-02   1.978475393800000E+01   3.000000000000000E+00
  -8.145824417099999E-17   2.251621996800000E-01   9.457702612600000E-01   8.091411504600000E-01   1.336744917600000E-02   2.011207204500000E+01   3.000000000000000E+00
  -1.062807194000000E-16   2.236773701400000E-01   9.445272410400000E-01   8.073670983100000E-01   1.365342833000000E-02   2.044754073100000E+01   3.000000000000000E+00
  -8.540329878699999E-17   2.222355212300000E-01   9.433565443500000E-01   8.056806968500000E-01   1.392357388900000E-02   2.079131518100000E+01   3.000000000000000E+00
  -1.323185432300000E-16   2.208417767400000E-01   9.422251005200000E-01   8.040804595200000E-01   1.417828517400000E-02   2.114362675900000E+01   3.000000000000000E+00
  -6.952967170700001E-17   2.194829405100000E-01   9.411825123000001E-01   8.025491627800000E-01   1.441794774000000E-02   2.150465144700000E+01   3.000000000000000E+00
  -1.398591022400000E-16   2.181617243400000E-01   9.401759691600000E-01   8.011141056300000E-01   1.464300043000000E-02   2.187460059900000E+01   3.000000000000000E+00
  -9.793890910500000E-17   2.168897410600000E-01   9.392338489299999E-01   7.997663743400000E-01   1.485391219600000E-02   2.225369976700000E+01   3.000000000000000E+00
  -8.363795652900000E-17   2.156533076000000E-01   9.383527000500000E-01   7.985070173300000E-01   1.505117719700000E-02   2.264218990300000E+01   3.000000000000000E+00
  -8.149860066900000E-17   2.156531493000000E-01   9.383525910200000E-01   7.985068578600000E-01   1.505120186100000E-02   2.264224079100000E+01   3.000000000000000E+00
  -7.447134560400000E-17   2.144545034800000E-01   9.375277801300000E-01   7.973147298300000E-01   1.523531849200000E-02   2.304034795300000E+01   3.000000000000000E+00
  -1.094965089300000E-16   2.133485412200000E-01   9.367823929500000E-01   7.962747766400000E-01   1.539971413300000E-02   2.343062969200000E+01   3.000000000000000E+00
  -1.418267515300000E-16   2.122328924300000E-01   9.360394275100000E-01   7.952340037100000E-01   1.555967746100000E-02   2.384842624300000E+01   3.000000000000000E+00
  -1.526537071400000E-16   2.111550600200000E-01   9.353800449400000E-01   7.942636181900000E-01   1.570811819500000E-02   2.427677566100000E+01   3.000000000000000E+00
  -1.231251668600000E-16   2.101178585000000E-01   9.347417740500000E-01   7.933719739000000E-01   1.584557226400000E-02   2.471597470700000E+01   3.000000000000000E+00
  -9.690852172800000E-17   2.091186701100000E-01   9.341613591500000E-01   7.925428384900000E-01   1.597258944300000E-02   2.516637765800000E+01   3.000000000000000E+00
  -1.411322647000000E-16   2.081615655500000E-01   9.336300458400000E-01   7.917756460199999E-01   1.608971557400000E-02   2.562836102500000E+01   3.000000000000000E+00
  -1.488172737600000E-16   2.072423453200000E-01   9.331203833600000E-01   7.910371206900000E-01   1.619748971800000E-02   2.610232440200000E+01   3.000000000000000E+00
  -1.074827813200000E-16   2.063591071400000E-01   9.326750815700000E-01   7.903908172200000E-01   1.629644168800000E-02   2.658869134200000E+01   3.000000000000000E+00
  -1.256751316300000E-16   2.055179261300000E-01   9.322448682600000E-01   7.897977958000000E-01   1.638708994800000E-02   2.708791025900000E+01   3.000000000000000E+00
  -1.072904666100000E-16   2.047145537200000E-01   9.318685524300000E-01   7.892635520600000E-01   1.646993986700000E-02   2.760045536200000E+01   3.000000000000000E+00
  -1.146205363000000E-16   2.039461786500000E-01   9.315136100500000E-01   7.887589115000000E-01   1.654548228300000E-02   2.812682765600000E+01   3.000000000000000E+00
  -6.694294412700000E-17   2.032199801600000E-01   9.311782713200000E-01   7.882974120900000E-01   1.661419236400000E-02   2.866755599900000E+01   3.000000000000000E+00
  -5.845408379700000E-17   2.025258809700000E-01   9.309060320900000E-01   7.878946669600000E-01   1.667652872500000E-02   2.922319824200000E+01   3.000000000000000E+00
  -7.330584667900000E-17   2.018711414400000E-01   9.306377910100000E-01   7.875199303800000E-01   1.673293277300000E-02   2.979434246800000E+01   3.000000000000000E+00
  -7.307667344000000E-17   2.012512213200000E-01   9.303863214500000E-01   7.871802114300001E-01   1.678382824000000E-02   3.038160832400000E+01   3.000000000000000E+00
  -1.474578313400000E-16   2.006664948500000E-01   9.301851193200000E-01   7.868716727600000E-01   1.682962089300000E-02   3.098564847000000E+01   3.000000000000000E+00
  -1.408592345900000E-16   2.001182007800000E-01   9.299786845500000E-01   7.865998004900000E-01   1.687069837100000E-02   3.160715015900000E+01   3.000000000000000E+00
  -8.860423828900000E-17   1.996010957800000E-01   9.298249755800000E-01   7.863554478200000E-01   1.690743217200000E-02   3.224687491400000E+01   3.000000000000000E+00
  -8.288923651800000E-17   1.991182415800000E-01   9.296483042800000E-01   7.861085262700001E-01   1.694016401400000E-02   3.290539372100000E+01   3.000000000000000E+00
  -1.036667478500000E-16   1.986678940100000E-01   9.295317717000000E-01   7.859216129500000E-01   1.696924082800000E-02   3.358377362200000E+01   3.000000000000000E+00
  -4.971422577400000E-17   1.982481063800000E-01   9.294114495100000E-01   7.857559872200000E-01   1.699497214600000E-02   3.428274633700000E+01   3.000000000000000E+00
  -1.021996154300000E-16   1.978583319500000E-01   9.292984446500000E-01   7.856128183600000E-01   1.701765592800000E-02   3.500320076700000E+01   3.000000000000000E+00
  -8.228328589200000E-17   1.978582325200000E-01   9.292984235300000E-01   7.856127791000000E-01   1.701766156300000E-02   3.500339467800000E+01   3.000000000000000E+00
  -1.074622311700000E-16   1.974990072900000E-01   9.292135445500000E-01   7.854740591100000E-01   1.703757407200000E-02   3.574612361000000E+01   3.000000000000000E+00
  -1.006563887100000E-16   1.971664630200000E-01   9.291128831000000E-01   7.853361030300000E-01   1.705498756500000E-02   3.651240165400000E+01   3.000000000000000E+00
  -1.590884794700000E-16   1.968617904700000E-01   9.290534292800000E-01   7.852296812000000E-01   1.707014479300000E-02   3.730312325300000E+01   3.000000000000000E+00
  -1.385811744100000E-16   1.965820276300000E-01   9.289974148000000E-01   7.851509170099999E-01   1.708327638900000E-02   3.811938396600000E+01   3.000000000000000E+00
  -1.390285815000000E-16   1.963283927500000E-01   9.289453206200000E-01   7.850875727600000E-01   1.709459703800000E-02   3.896233921700000E+01   3.000000000000000E+00
  -1.470835648500000E-16   1.960964592800000E-01   9.288836444700000E-01   7.850284796100000E-01   1.710430587500000E-02   3.983320808700000E+01   3.000000000000000E+00
  -9.246761015700000E-17   1.958882779300000E-01   9.288488136700001E-01   7.849774709400000E-01   1.711258691700000E-02   4.073327744300000E+01   3.000000000000000E+00
  -1.277578974800000E-16   1.957003539500000E-01   9.288122642600000E-01   7.849206739600000E-01   1.711960950900000E-02   4.166390643400000E+01   3.000000000000000E+00
  -1.486681230200000E-16   1.955314473000000E-01   9.287875849600000E-01   7.848869752199999E-01   1.712552881200000E-02   4.262653138900000E+01   3.000000000000000E+00
  -1.561898395100000E-16   1.953814128100000E-01   9.287757614400000E-01   7.848580974200000E-01   1.713048631400000E-02   4.362267109000000E+01   3.000000000000000E+00
  -9.299296113600000E-17   1.952487202100000E-01   9.287414013700001E-01   7.848279515300000E-01   1.713461037500000E-02   4.465393255000000E+01   3.000000000000000E+00
  -1.043673637400000E-16   1.951311501800000E-01   9.287405243000000E-01   7.847985304200000E-01   1.713801680400000E-02   4.572201728000000E+01   3.000000000000000E+00
  -9.036124555500000E-17   1.950287847700000E-01   9.287075667500000E-01   7.847703562900000E-01   1.714080947400000E-02   4.682872810200000E+01   3.000000000000000E+00
  -7.116355556800000E-17   1.949390240600000E-01   9.287154403200000E-01   7.847721704200000E-01   1.714308092700000E-02   4.797595859600000E+01   3.000000000000000E+00
  -5.757869490800000E-17   1.948619144100000E-01   9.286977101200000E-01   7.847632444800000E-01   1.714491269900000E-02   4.916541556900000E+01   3.000000000000000E+00
  -1.033096132300000E-16   1.947954265600000E-01   9.286783950000000E-01   7.847545810200000E-01   1.714637783100000E-02   5.039993589600000E+01   3.000000000000000E+00
  -1.101992785200000E-16   1.947385143700000E-01   9.286941645500000E-01   7.847402799800000E-01   1.714753852900000E-02   5.168146515800000E+01   3.000000000000000E+00
  -1.176165274000000E-16   1.946904422600000E-01   9.286581453000000E-01   7.847385089900000E-01   1.714844910100000E-02   5.301241187800000E+01   3.000000000000000E+00
  -9.053101819200001E-17   1.946502961200000E-01   9.286824909600000E-01   7.847358029000000E-01   1.714915595000000E-02   5.439495885600000E+01   3.000000000000000E+00
  -1.987995626300000E-17   1.946167195500000E-01   9.286853678800000E-01   7.847147804700000E-01   1.714969906700000E-02   5.583274772900000E+01   3.000000000000000E+00
  -6.345410029600000E-17   1.945888180200000E-01   9.286587432300000E-01   7.846994092700000E-01   1.715011146200000E-02   5.732828079200000E+01   3.000000000000000E+00
  -2.914656026700000E-17   1.945661456600000E-01   9.286710167300000E-01   7.846806116800000E-01   1.715042082300000E-02   5.888470269700000E+01   3.000000000000000E+00
  -6.766613713100000E-17   1.945480731400000E-01   9.286736079200000E-01   7.846865817300001E-01   1.715064993600000E-02   6.050537367300000E+01   2.000000000000000E+00
  -1.149159318300000E-16   1.945331751200000E-01   9.286550012700000E-01   7.846755004100000E-01   1.715081733300000E-02   6.219388746000000E+01   3.000000000000000E+00
  -8.740624855400000E-17   1.945214586700000E-01   9.286795554700000E-01   7.846884834000000E-01   1.715093789800000E-02   6.395409135800000E+01   3.000000000000000E+00
  -1.025406124800000E-16   1.945123533000000E-01   9.286773004000000E-01   7.847147573900000E-01   1.715102342500000E-02   6.579010819600001E+01   2.000000000000000E+00
  -8.687599369700000E-17   1.945052876600000E-01   9.286383723100000E-01   7.847043291400000E-01   1.715108312900000E-02   6.770636053400000E+01   2.000000000000000E+00
  -6.039647523000000E-17   1.944999211900000E-01   9.286768204600000E-01   7.846895085800000E-01   1.715112410200000E-02   6.970759747300001E+01   3.000000000000000E+00
  -6.579926328099999E-17   1.944958676000000E-01   9.286722150900000E-01   7.847138615100000E-01   1.715115171700000E-02   7.179892416200001E+01   3.000000000000000E+00
  -5.849146863300001E-17   1.944928596800000E-01   9.286710060600000E-01   7.847195926200000E-01   1.715116997500000E-02   7.398583446400001E+01   3.000000000000000E+00
  -6.365371392000000E-17   1.944906735100000E-01   9.286499877400000E-01   7.847221977700000E-01   1.715118180300000E-02   7.627424723000000E+01   3.000000000000000E+00
  -8.135168593100001E-17   1.944891395700000E-01   9.286387034500000E-01   7.847208834200000E-01   1.715118930100000E-02   7.867054646699999E+01   3.000000000000000E+00
  -1.060155597200000E-16   1.944880045300000E-01   9.286775578299999E-01   7.847152900000000E-01   1.715119394600000E-02   8.118162603300000E+01   2.000000000000000E+00
  -8.087382611500000E-17   1.944872234000000E-01   9.286558435500000E-01   7.847048690400000E-01   1.715119675400000E-02   8.381493939800001E+01   2.000000000000000E+00
  -6.181567846800000E-17   1.944867055600000E-01   9.286737690500000E-01   7.846959365700000E-01   1.715119840700000E-02   8.657855515500000E+01   3.000000000000000E+00
  -4.686569630100000E-17   1.944863602600000E-01   9.286484903800000E-01   7.846761093900000E-01   1.715119935400000E-02   8.948121903000001E+01   2.000000000000000E+00
  -6.062573819000000E-17   1.944863049000000E-01   9.286600141300000E-01   7.846711248900000E-01   1.715119949100000E-02   9.010471619099999E+01   2.000000000000000E+00
  -7.224554086400000E-17   1.944861006300000E-01   9.286434605100000E-01   7.847163800100000E-01   1.715119995500000E-02   9.318639016400000E+01   3.000000000000000E+00
  -7.289324558500000E-17   1.944859699400000E-01   9.286783569700000E-01   7.847058262800000E-01   1.715120020200000E-02   9.643085632200000E+01   2.000000000000000E+00
  -4.751030811000000E-17   1.944858869000000E-01   9.286399268800000E-01   7.846889444800000E-01   1.715120033000000E-02   9.984786771900001E+01   3.000000000000000E+00
  -8.282583449500000E-17   1.944858385300000E-01   9.286771629800000E-01   7.847221947900000E-01   1.715120039400000E-02   1.034498858900000E+02   3.000000000000000E+00
  -9.289734587900000E-17   1.944858093400000E-01   9.286501839600000E-01   7.847195255300000E-01   1.715120042500000E-02   1.072505202700000E+02   2.000000000000000E+00
  -6.550901685900000E-17   1.944857931400000E-01   9.286731390700000E-01   7.847108949800000E-01   1.715120043800000E-02   1.112646560400000E+02   2.000000000000000E+00
  -6.333456645100000E-17   1.944857847300000E-01   9.286781076000000E-01   7.847093038700000E-01   1.715120044500000E-02   1.155086002900000E+02   2.000000000000000E+00
  -5.256914802700000E-17   1.944857801200000E-01   9.286386709200000E-01   7.846923731500000E-01   1.715120044700000E-02   1.200002485000000E+02   2.000000000000000E+00
  -6.906294464200000E-17   1.944857777800000E-01   9.286760008000000E-01   7.846668099700000E-01   1.715120044800000E-02   1.247592738000000E+02   2.000000000000000E+00
  -6.432748590200000E-17   1.944857765900000E-01   9.286762916500000E-01   7.847103725200000E-01   1.715120044900000E-02   1.298073435200000E+02   2.000000000000000E+00
  -5.543231409400000E-17   1.944857760800000E-01   9.286453636000001E-01   7.847191686100000E-01   1.715120044900000E-02   1.351683668000000E+02   2.000000000000000E+00
  -5.205716574900000E-17   1.944857758600000E-01   9.286759299600000E-01   7.847221900400000E-01   1.715120044900000E-02   1.408687791900000E+02   2.000000000000000E+00
  -5.042220724800000E-17   1.944857748400000E-01   9.286756773100000E-01   7.847121501200000E-01   1.715120044900000E-02   1.469378701000000E+02   2.000000000000000E+00
  -3.998028814100000E-17   1.944857750200000E-01   9.286433459600000E-01   7.846944288100000E-01   1.715120044900000E-02   1.534081610100000E+02   2.000000000000000E+00
  -6.449043513900000E-17   1.944857752900000E-01   9.286754433100000E-01   7.846657881400000E-01   1.715120044900000E-02   1.603158434800000E+02   2.000000000000000E+00
  -5.373180304600000E-17   1.944857751800000E-01   9.286744762100000E-01   7.846822991800000E-01   1.715120044900000E-02   1.675347426800000E+02   2.000000000000000E+00
  -6.353618933000000E-17   1.944857754100000E-01   9.286602945400000E-01   7.847018184000000E-01   1.715120044900000E-02   1.754226734900000E+02   2.000000000000000E+00
  -3.772871454100000E-17   1.944857755500000E-01   9.286623157500000E-01   7.847155422300000E-01   1.715120044900000E-02   1.838914807400000E+02   2.000000000000000E+00
  -5.352593150800000E-17   1.944857723400000E-01   9.286740458000000E-01   7.847098147500000E-01   1.715120044900000E-02   1.929779496500000E+02   2.000000000000000E+00
  -2.279843017500000E-17   1.944857741300000E-01   9.286333185300000E-01   7.847201340700000E-01   1.715120044900000E-02   2.027673150100000E+02   2.000000000000000E+00
  -4.308112921000000E-17   1.944857750300000E-01   9.286782242300000E-01   7.847215387000001E-01   1.715120044900000E-02   2.133219048600000E+02   2.000000000000000E+00
  -2.715276529400000E-17   1.944857730400000E-01   9.286733347800000E-01   7.846948070600001E-01   1.715120044900000E-02   2.092287047200000E+02   2.000000000000000E+00
  -4.060868261500000E-17   1.944857746900000E-01   9.286706635400001E-01   7.846603853400000E-01   1.715120044900000E-02   2.202850266900000E+02   2.000000000000000E+00
  -2.154459502900000E-17   1.944857746900000E-01   9.286707437900000E-01   7.846602878700000E-01   1.715120044900000E-02   2.203051553500000E+02   2.000000000000000E+00
  -3.985603832600000E-17   1.944857724600000E-01   9.286723627700000E-01   7.847205305100000E-01   1.715120044900000E-02   2.322628606300000E+02   2.000000000000000E+00
  -5.069548376300000E-17   1.944857745500000E-01   9.286263734400000E-01   7.847209208500000E-01   1.715120044900000E-02   2.452411139100000E+02   2.000000000000000E+00
  -4.225486899300000E-17   1.944857753300000E-01   9.286747784000000E-01   7.847080957900000E-01   1.715120044900000E-02   2.593401108800000E+02   2.000000000000000E+00
  -2.966055580600000E-17   1.944857623900000E-01   9.286783292500000E-01   7.846963865100000E-01   1.715120044900000E-02   2.746928852800000E+02   2.000000000000000E+00
  -1.914680259300000E-17   1.944857711400000E-01   9.286572100500000E-01   7.847150720500000E-01   1.715120044900000E-02   2.914524124700000E+02   2.000000000000000E+00
  -2.086184155600000E-17   1.944857742900000E-01   9.286408722200000E-01   7.847221907500000E-01   1.715120044900000E-02   3.097626048000000E+02   2.000000000000000E+00
  -3.116866072400000E-17   1.944857493400000E-01   9.286768998400000E-01   7.847201115800000E-01   1.715120044900000E-02   3.298956317100000E+02   2.000000000000000E+00
  -2.291464967300000E-17   1.944857659500000E-01   9.286710226900000E-01   7.847200781900000E-01   1.715120044900000E-02   3.520615841900000E+02   2.000000000000000E+00
  -1.891650333200000E-17   1.944857725300000E-01   9.286209934400000E-01   7.847005206200000E-01   1.715120044900000E-02   3.765441824000000E+02   2.000000000000000E+00
  -1.484808232600000E-17   1.944857672300000E-01   9.286743958300000E-01   7.846995797000000E-01   1.715120044900000E-02   4.036786686100000E+02   2.000000000000000E+00
  -2.281465138000000E-17   1.944857733100000E-01   9.286456552900000E-01   7.846509291700000E-01   1.715120044900000E-02   4.338633553700000E+02   2.000000000000000E+00
  -1.578450059400000E-17   1.944857751300000E-01   9.286228205200000E-01   7.846745967099999E-01   1.715120044900000E-02   4.675744581400000E+02   2.000000000000000E+00
  -1.356681647500000E-17   1.944857656000000E-01   9.286680401300000E-01   7.846573575900000E-01   1.715120044900000E-02   5.053851766700000E+02   2.000000000000000E+00
  -1.665422033200000E-17   1.944857730500000E-01   9.286511956100000E-01   7.846975384900000E-01   1.715120044900000E-02   5.479904773600000E+02   2.000000000000000E+00
  -1.099166405800000E-17   1.944857751400000E-01   9.286111882300000E-01   7.847200323700000E-01   1.715120044900000E-02   5.962396175300000E+02   2.000000000000000E+00
  -1.260548648400000E-17   1.944857686000000E-01   9.286341995600000E-01   7.847193497400000E-01   1.715120044900000E-02   6.511793140800000E+02   2.000000000000000E+00
  -1.833495821900000E-17   1.944857743600000E-01   9.286297061900000E-01   7.847161227600000E-01   1.715120044900000E-02   7.141117508700000E+02   2.000000000000000E+00
  -9.398931719499999E-18   1.944857755200000E-01   9.286362647300000E-01   7.846696549800000E-01   1.715120044900000E-02   7.866735756800000E+02   2.000000000000000E+00
  -1.164050424300000E-17   1.944857726300000E-01   9.286591040700000E-01   7.847127909100000E-01   1.715120044900000E-02   8.709450893900000E+02   2.000000000000000E+00
  -9.374987803100000E-18   1.944857753600000E-01   9.286682836700000E-01   7.847194771900000E-01   1.715120044900000E-02   9.695915221499999E+02   2.000000000000000E+00
  -7.596465669700000E-18   1.944857756800000E-01   9.286697626600000E-01   7.846706604500000E-01   1.715120044900000E-02   1.085362574800000E+03   2.000000000000000E+00
  -7.841886396100000E-18   1.944857756200000E-01   9.286731927800000E-01   7.847165598600000E-01   1.715120044900000E-02   1.224249770900000E+03   2.000000000000000E+00
  -8.411641472300000E-18   1.944857757000000E-01   9.286662200000000E-01   7.846444094000000E-01   1.715120044900000E-02   1.391855898500000E+03   2.000000000000000E+00
  -8.040464500900000E-18   1.944857757100000E-01   9.286351095399999E-01   7.846784310100000E-01   1.715120044900000E-02   1.596750872900000E+03   2.000000000000000E+00
  -3.521232090700000E-18   1.944857686100000E-01   9.286767074900000E-01   7.847206693900000E-01   1.715120044900000E-02   1.599808641100000E+03   2.000000000000000E+00
  -5.030946857000000E-18   1.944857753300000E-01   9.286400381600000E-01   7.846501430000000E-01   1.715120044900000E-02   1.851980059600000E+03   2.000000000000000E+00
  -3.842916022400000E-18   1.944857757000000E-01   9.286654237100000E-01   7.847074184400000E-01   1.715120044900000E-02   2.173037587300000E+03   2.000000000000000E+00
  -2.440985482400000E-18   1.944857737100000E-01   9.286627983300000E-01   7.846338311600000E-01   1.715120044900000E-02   2.580801518100000E+03   2.000000000000000E+00
  -1.632794198700000E-18   1.944857756800000E-01   9.286782460900000E-01   7.847184573900000E-01   1.715120044900000E-02   3.125967101000000E+03   2.000000000000000E+00
  -1.952688582300000E-18   1.944857756900000E-01   9.285088959000000E-01   7.846527923400000E-01   1.715120044500000E-02   3.868948318200000E+03   2.000000000000000E+00
  -2.886881838900000E-18   1.944857753500000E-01   9.286754238800000E-01   7.847210015000000E-01   1.715120044900000E-02   3.876611740400000E+03   2.000000000000000E+00
  -1.889528039600000E-18   1.944857757000000E-01   9.286524722500000E-01   7.846374001600001E-01   1.715120044900000E-02   4.901216562600000E+03   2.000000000000000E+00
  -1.710171396300000E-18   1.944857757000000E-01   9.286773536700000E-01   7.847166620600000E-01   1.715120044800000E-02   6.457819410700000E+03   2.000000000000000E+00
  -1.275302525800000E-18   1.944857756800000E-01   9.286747830500000E-01   7.846670750500000E-01   1.715120044900000E-02   7.512665519600000E+03   2.000000000000000E+00
  -1.077854389900000E-18   1.944857757100000E-01   9.286201698600000E-01   7.846953590700000E-01   1.715120044900000E-02   8.827313621800000E+03   2.000000000000000E+00
  -9.116229739900000E-19   1.944857757000000E-01   9.286380740400000E-01   7.847160766000000E-01   1.715120044700000E-02   1.052543411100000E+04   2.000000000000000E+00
  -6.469763900400000E-19   1.944857756900000E-01   9.286329806200000E-01   7.846937690900000E-01   1.715120044900000E-02   1.277587748500000E+04   2.000000000000000E+00
  -5.266917419300000E-19   1.944857757100000E-01   9.286311910700000E-01   7.846816927300000E-01   1.715120044800000E-02   1.585348396100000E+04   2.000000000000000E+00
  -5.471351330000000E-19   1.944857757000000E-01   9.286548567400000E-01   7.847194960900000E-01   1.715120044700000E-02   1.780376685900000E+04   2.000000000000000E+00
  -4.343312371300000E-19   1.944857756600000E-01   9.286493952100000E-01   7.846788075600000E-01   1.715120044900000E-02   2.011429473200000E+04   2.000000000000000E+00
  -4.236382576600000E-19   1.944857757100000E-01   9.286420177700000E-01   7.846771465600000E-01   1.715120044900000E-02   2.290949364900000E+04   2.000000000000000E+00
  -3.661098680500000E-19   1.944857757100000E-01   9.286744228600000E-01   7.847211805099999E-01   1.715120044800000E-02   2.633680054100000E+04   2.000000000000000E+00
  -3.097231016300000E-19   1.944857742500000E-01   9.286573228600000E-01   7.846695709900000E-01   1.715120044900000E-02   3.060459171700000E+04   2.000000000000000E+00
  -2.237136218100000E-19   1.944857756700000E-01   9.286470045200000E-01   7.847218419400001E-01   1.715120044900000E-02   3.601598837800000E+04   2.000000000000000E+00
  -1.871432562800000E-19   1.944857757100000E-01   9.286306265399999E-01   7.846575967000000E-01   1.715120044800000E-02   4.302655897700000E+04   2.000000000000000E+00
  -1.234148395600000E-19   1.944857757000000E-01   9.286649136400000E-01   7.847193115300000E-01   1.715120044900000E-02   5.234843168200000E+04   2.000000000000000E+00
  -7.025797195800000E-20   1.944857757200000E-01   9.286728584700000E-01   7.846003133600000E-01   1.715120045000000E-02   6.515002173600000E+04   2.000000000000000E+00
  -6.637068595999999E-20   1.944857757300000E-01   9.286658271200000E-01   7.846755990900000E-01   1.715120045100000E-02   7.328852471699999E+04   2.000000000000000E+00
  -1.176921285300000E-19   1.944857755800000E-01   9.286612784300000E-01   7.847221039400000E-01   1.715120044900000E-02   8.295376562000001E+04   2.000000000000000E+00
  -1.042933366000000E-19   1.944857757000000E-01   9.286770036400001E-01   7.846863949700000E-01   1.715120044900000E-02   9.468211850700001E+04   2.000000000000000E+00
  -1.070715882800000E-19   1.944857757100000E-01   9.286376094600000E-01   7.846217212000000E-01   1.715120044800000E-02   1.091133225900000E+05   2.000000000000000E+00
  -5.219126739000000E-20   1.944857732400000E-01   9.286560294400000E-01   7.846776363800000E-01   1.715120044900000E-02   1.271571780400000E+05   2.000000000000000E+00
  -4.264035954400000E-20   1.944857756400000E-01   9.286731044600000E-01   7.846822414500000E-01   1.715120044900000E-02   1.501469057400000E+05   2.000000000000000E+00
  -4.768715929200000E-20   1.944857757100000E-01   9.286334021300000E-01   7.847202424000000E-01   1.715120044800000E-02   1.801039047800000E+05   2.000000000000000E+00
  -4.388676624300000E-20   1.944857756200000E-01   9.286745510100000E-01   7.847016207400000E-01   1.715120044900000E-02   2.202219878300000E+05   2.000000000000000E+00
  -1.631753200700000E-20   1.944857757100000E-01   9.286674227600000E-01   7.846589869700000E-01   1.715120044800000E-02   2.758121695200000E+05   2.000000000000000E+00
  -1.857032858400000E-20   1.944857757000000E-01   9.286300265100000E-01   7.847118907400000E-01   1.715120044700000E-02   3.113381329200000E+05   2.000000000000000E+00
  -2.380583029100000E-20   1.944857756600000E-01   9.286695874499999E-01   7.847113069800000E-01   1.715120044900000E-02   3.781424602900000E+05   2.000000000000000E+00
  -3.057806059200000E-20   1.944857756700000E-01   9.286762140600000E-01   7.847136984500001E-01   1.715120044900000E-02   3.814727837300000E+05   2.000000000000000E+00
  -1.524873680100000E-20   1.944857757000000E-01   9.286222985300000E-01   7.845546328800000E-01   1.715120044700000E-02   5.359018274100000E+05   2.000000000000000E+00
  -1.138704509200000E-20   1.944857756900000E-01   9.286021857900000E-01   7.846812457600000E-01   1.715120044900000E-02   6.544944794599999E+05   2.000000000000000E+00
  -1.151592636200000E-20   1.944857757100000E-01   9.286022965500000E-01   7.847165248700000E-01   1.715120044900000E-02   7.231247325100000E+05   2.000000000000000E+00
  -1.129234547900000E-20   1.944857757000000E-01   9.286130059800000E-01   7.846946424000000E-01   1.715120044800000E-02   8.529092219800000E+05   2.000000000000000E+00
  -6.362455187700000E-21   1.944857756900000E-01   9.286109538800000E-01   7.846826447300000E-01   1.715120044900000E-02   1.024151206400000E+06   2.000000000000000E+00
  -7.394758272600000E-21   1.944857757100000E-01   9.286468630300000E-01   7.846861544400000E-01   1.715120044800000E-02   1.253963173400000E+06   2.000000000000000E+00
  -5.041628113200000E-21   1.944857757000000E-01   9.286455825100000E-01   7.847219156100000E-01   1.715120044700000E-02   1.427926816300000E+06   2.000000000000000E+00
  -4.540272003700000E-21   1.944857757100000E-01   9.286481633400000E-01   7.846465834700000E-01   1.715120044800000E-02   2.077609083400000E+06   2.000000000000000E+00
  -5.132316159900000E-21   1.944857756800000E-01   9.286648495800000E-01   7.847218627700000E-01   1.715120044400000E-02   2.603074309300000E+06   2.000000000000000E+00
  -3.911387953300000E-21   1.944857756200000E-01   9.285224972600000E-01   7.846835883500000E-01   1.715120043600000E-02   2.928532105600000E+06   2.000000000000000E+00
  -3.253770442100000E-21   1.944857754400000E-01   9.286783572900000E-01   7.846714480100000E-01   1.715120044900000E-02   3.314770120900000E+06   2.000000000000000E+00
  -2.315118313200000E-21   1.944857757000000E-01   9.286381593100000E-01   7.847189684500000E-01   1.715120044900000E-02   3.783455257900000E+06   2.000000000000000E+00
  -1.094299217400000E-21   1.944857757100000E-01   9.286094694700000E-01   7.846995540500000E-01   1.715120044900000E-02   4.360158242500000E+06   2.000000000000000E+00
  -2.357898703200000E-21   1.944857755400000E-01   9.285791335100000E-01   7.847213505200000E-01   1.715120045000000E-02   5.053687179600000E+06   2.000000000000000E+00
  -1.782026706700000E-21   1.944857756900000E-01   9.285854875900000E-01   7.845199029800000E-01   1.715120044700000E-02   6.507165279800000E+06   2.000000000000000E+00
  -1.592838655000000E-21   1.944857757000000E-01   9.286194634600000E-01   7.845350040500000E-01   1.715120044700000E-02   6.440118154500000E+06   2.000000000000000E+00
  -1.451541610200000E-21   1.944857756700000E-01   9.285847005400000E-01   7.847143310600000E-01   1.715120044800000E-02   8.594011822000001E+06   2.000000000000000E+00
  -9.922201237500000E-22   1.944857755800000E-01   9.285061597900000E-01   7.846997362000000E-01   1.715120042900000E-02   1.013516168800000E+07   2.000000000000000E+00
  -9.433148621000000E-22   1.944857749500000E-01   9.283469955600000E-01   7.845163921800000E-01   1.715120033800000E-02   1.209750425700000E+07   2.000000000000000E+00
  -8.208867457800000E-22   1.944857756600000E-01   9.285931564200000E-01   7.846479590200000E-01   1.715120044900000E-02   1.470184898400000E+07   2.000000000000000E+00
  -7.062271737400000E-22   1.944857757000000E-01   9.286333262299999E-01   7.846761161100000E-01   1.715120044800000E-02   1.641461547500000E+07   2.000000000000000E+00
  -4.932292773000000E-22   1.944857755200000E-01   9.284403535000000E-01   7.846218634800000E-01   1.715120042100000E-02   2.340746456200000E+07   2.000000000000000E+00
  -3.916313671400000E-22   1.944857753000000E-01   9.286190050399999E-01   7.847011443800000E-01   1.715120044900000E-02   2.588153682500000E+07   2.000000000000000E+00
  -4.694439741900000E-22   1.944857755700000E-01   9.286776848200000E-01   7.847158687900000E-01   1.715120044900000E-02   2.722271254300000E+07   2.000000000000000E+00
  -3.579518684400000E-22   1.944857756700000E-01   9.285913454700000E-01   7.847221147400000E-01   1.715120044900000E-02   2.866775725100000E+07   2.000000000000000E+00
  -3.893465675600000E-22   1.944854164500000E-01   9.286498938200000E-01   7.847102671300000E-01   1.715120044900000E-02   2.867040901500000E+07   2.000000000000000E+00
  -2.625724083400000E-22   1.944856148100000E-01   9.286630230900000E-01   7.847206917900000E-01   1.715120045000000E-02   3.023022963400000E+07   1.000000000000000E+00
  -1.958680977000000E-22   1.944857330400000E-01   9.286757816200000E-01   7.847160658800000E-01   1.715120045000000E-02   3.280755168000000E+07   1.000000000000000E+00
  -2.563042776200000E-22   1.944847318200000E-01   9.286452989200000E-01   7.846226717000000E-01   1.715120046700000E-02   3.738117496400000E+07   2.000000000000000E+00
  -2.018264020200000E-22   1.944856466200000E-01   9.282702610800000E-01   7.846991826900001E-01   1.715120042400000E-02   4.309071465000000E+07   2.000000000000000E+00
  -2.303147963000000E-22   1.944857641300000E-01   9.286494986600000E-01   7.847191041600000E-01   1.715120014400000E-02   5.021385611600000E+07   2.000000000000000E+00
  -1.823793412600000E-22   1.944856638900000E-01   9.286021774100000E-01   7.846892218200000E-01   1.715120045200000E-02   6.461096104200000E+07   2.000000000000000E+00
  -2.057035605600000E-22   1.944855886100000E-01   9.284793846700000E-01   7.847051653700000E-01   1.715120045200000E-02   6.252350079200000E+07   2.000000000000000E+00
  -8.215527653100000E-23   1.944857703200000E-01   9.284936836700000E-01   7.844832776700000E-01   1.715120044100000E-02   7.694656470900001E+07   2.000000000000000E+00
  -1.475493172000000E-22   1.944855579900000E-01   9.286571076100000E-01   7.847210902700000E-01   1.715120045100000E-02   7.709814360400000E+07   2.000000000000000E+00
  -7.892759092400000E-23   1.944857630800000E-01   9.286752447600000E-01   7.846716030599999E-01   1.715120045600000E-02   9.147592178200001E+07   2.000000000000000E+00
  -1.042501223100000E-22   1.944857755000000E-01   9.286132770600000E-01   7.844665959700000E-01   1.715120046100000E-02   1.106606396900000E+08   2.000000000000000E+00
  -7.450097056999999E-23   1.944857721600000E-01   9.286221462799999E-01   7.846924216900000E-01   1.715120045000000E-02   1.225072812800000E+08   2.000000000000000E+00
  -4.748895831900000E-23   1.944857756000000E-01   9.286423364500000E-01   7.847200770500000E-01   1.715120045200000E-02   1.439717807400000E+08   2.000000000000000E+00
  -4.729382608800000E-23   1.944857757400000E-01   9.286782948000000E-01   7.846120715800000E-01   1.715120045300000E-02   1.720360042200000E+08   2.000000000000000E+00
  -9.797211202800000E-23   1.944857575900000E-01   9.286495511500000E-01   7.847213074200000E-01   1.715120044900000E-02   1.722460136000000E+08   2.000000000000000E+00
  -6.340357900600000E-23   1.944857725100000E-01   9.286452087500000E-01   7.846929776000000E-01   1.715120044900000E-02   1.891190644400000E+08   1.000000000000000E+00
  -5.593760143000000E-23   1.944857755700000E-01   9.286766906400000E-01   7.846596327499999E-01   1.715120044900000E-02   2.198501484900000E+08   1.000000000000000E+00
  -3.497117787600000E-23   1.944857358900000E-01   9.286781458100000E-01   7.846382880500000E-01   1.715120044900000E-02   2.590302192100000E+08   2.000000000000000E+00
  -2.820865008800000E-23   1.944857742800000E-01   9.285778340500001E-01   7.846726443099999E-01   1.715120044800000E-02   3.098978375200000E+08   2.000000000000000E+00
  -2.468529216500000E-23   1.944857756500000E-01   9.286011037900000E-01   7.847205399500000E-01   1.715120044300000E-02   3.777040810200000E+08   2.000000000000000E+00
  -2.876726708900000E-23   1.944857739700000E-01   9.286271811400000E-01   7.847187018600000E-01   1.715120044900000E-02   4.711166333200000E+08   2.000000000000000E+00
  -2.477897704400000E-23   1.944857749300000E-01   9.286153693100000E-01   7.847082652900000E-01   1.715120044900000E-02   4.898779533000000E+08   2.000000000000000E+00
  -2.522872285200000E-23   1.944857756800000E-01   9.286765932900000E-01   7.845406662300000E-01   1.715120044600000E-02   5.879757486700000E+08   2.000000000000000E+00
  -9.579565265600000E-24   1.944857702400000E-01   9.286163183800000E-01   7.846640250200000E-01   1.715120044900000E-02   6.171635332000000E+08   2.000000000000000E+00
  -1.066691939900000E-23   1.944857732000000E-01   9.286774298500000E-01   7.846850076100000E-01   1.715120044900000E-02   6.426704237200000E+08   2.000000000000000E+00
  -1.557074718300000E-23   1.944857751700000E-01   9.286501572900000E-01   7.847128376600000E-01   1.715120044900000E-02   6.933398990500000E+08   2.000000000000000E+00
  -1.577013219900000E-23   1.944856561900000E-01   9.286668825200000E-01   7.847078017800000E-01   1.715120044900000E-02   6.912203870400000E+08   2.000000000000000E+00
  -8.991862733499999E-24   1.944857298700000E-01   9.286550319300000E-01   7.847203632899999E-01   1.715120045000000E-02   7.329917548099999E+08   1.000000000000000E+00
  -1.394636877800000E-23   1.944857420500000E-01   9.286754691100000E-01   7.847218802200000E-01   1.715120045000000E-02   7.464595205000000E+08   1.000000000000000E+00
  -1.364215859100000E-23   1.944812147000000E-01   9.286106383700000E-01   7.847124208500000E-01   1.715120045200000E-02   7.812731652500000E+08   2.000000000000000E+00
  -8.262795348300000E-24   1.944810243900000E-01   9.285646022700000E-01   7.846971809600000E-01   1.715120045200000E-02   7.783575558600000E+08   2.000000000000000E+00
  -1.444214193900000E-23   1.944805663200000E-01   9.286574780900000E-01   7.845940252300000E-01   1.715120045100000E-02   7.714800626900001E+08   1.000000000000000E+00
  -1.444214193900000E-23   1.944780604600000E-01   9.285883937400000E-01   7.846851006400000E-01   1.715120045100000E-02   7.714800626900001E+08   2.000000000000000E+00

