   0.000000000000000E+00   6.522256890200000E-02   6.504245369500000E-02   4.230520782700000E-03   2.359111157000000E-03   2.000000000000000E+00
   1.000000100000000E-03   6.522247793700001E-02   6.504236346800001E-02   4.230509045500000E-03   2.359104919100000E-03   1.000000000000000E+00
   2.000000200000000E-03   6.522247793700001E-02   6.504236346800001E-02   4.230509045500000E-03   2.359104919100000E-03   1.000000000000000E+00
   3.500000350000000E-03   6.522247793700001E-02   6.504236346800001E-02   4.230509045500000E-03   2.359104919100000E-03   1.000000000000000E+00
   6.500000650000000E-03   6.522247793700001E-02   6.504236346800001E-02   4.230509045500000E-03   2.359104919100000E-03   1.000000000000000E+00
   1.250000125000000E-02   6.522247793700001E-02   6.504236346800001E-02   4.230509045500000E-03   2.359104919100000E-03   1.000000000000000E+00
   1.850000185000000E-02   6.522247793700001E-02   6.504236346800001E-02   4.230509045500000E-03   2.359104919100000E-03   1.000000000000000E+00
   2.450000245000000E-02   6.522247793700001E-02   6.504236346800001E-02   4.230509045500000E-03   2.359104919100000E-03   1.000000000000000E+00
   3.050000305000000E-02   6.522247793700001E-02   6.504236346800001E-02   4.230509045500000E-03   2.359104919100000E-03   1.000000000000000E+00
   3.650000365000000E-02   6.522247793700001E-02   6.504236346800001E-02   4.230509045500000E-03   2.359104919100000E-03   1.000000000000000E+00
   4.250000425000000E-02   6.522247793700001E-02   6.504236346800001E-02   4.230509045500000E-03   2.359104919100000E-03   1.000000000000000E+00
   4.850000485000000E-02   6.522247793700001E-02   6.504236346800001E-02   4.230509045500000E-03   2.359104919100000E-03   1.000000000000000E+00
   5.450000545000000E-02   6.522247793700001E-02   6.504236346800001E-02   4.230509045500000E-03   2.359104919100000E-03   1.000000000000000E+00
   6.050000605000000E-02   6.522247793700001E-02   6.504236346800001E-02   4.230509045500000E-03   2.359104919100000E-03   1.000000000000000E+00
   6.650000665000000E-02   6.522247793700001E-02   6.504236346800001E-02   4.230509045500000E-03   2.359104919100000E-03   1.000000000000000E+00
   7.250000725000000E-02   6.522247793700001E-02   6.504236346800001E-02   4.230509045500000E-03   2.359104919100000E-03   1.000000000000000E+00
   7.850000785000000E-02   6.522247793700001E-02   6.504236346800001E-02   4.230509045500000E-03   2.359104919100000E-03   1.000000000000000E+00
   8.450000845000000E-02   6.522247793700001E-02   6.504236346800001E-02   4.230509045500000E-03   2.359104919100000E-03   1.000000000000000E+00
   9.050000905000000E-02   6.522247793700001E-02   6.504236346800001E-02   4.230509045500000E-03   2.359104919100000E-03   1.000000000000000E+00
   9.650000965000000E-02   6.522247793700001E-02   6.504236346800001E-02   4.230509045500000E-03   2.359104919100000E-03   1.000000000000000E+00
   1.025000102500000E-01   6.522247793700001E-02   6.504236346800001E-02   4.230509045500000E-03   2.359104919100000E-03   1.000000000000000E+00
   1.085000108500000E-01   6.522247793700001E-02   6.504236346800001E-02   4.230509045500000E-03   2.359104919100000E-03   1.000000000000000E+00
   1.145000114500000E-01   6.522247793700001E-02   6.504236346800001E-02   4.230509045500000E-03   2.359104919100000E-03   1.000000000000000E+00
   1.205000120500000E-01   6.522247793700001E-02   6.504236346800001E-02   4.230509045500000E-03   2.359104919100000E-03   1.000000000000000E+00
   1.265000126500000E-01   6.522247793700001E-02   6.504236346800001E-02   4.230509045500000E-03   2.359104919100000E-03   1.000000000000000E+00
   1.325000132500000E-01   6.522247793700001E-02   6.504236346800001E-02   4.230509045500000E-03   2.359104919100000E-03   1.000000000000000E+00
   1.385000138500000E-01   6.522247793700001E-02   6.504236346800001E-02   4.230509045500000E-03   2.359104919100000E-03   1.000000000000000E+00
   1.445000144500000E-01   6.522247793700001E-02   6.504236346800001E-02   4.230509045500000E-03   2.359104919100000E-03   1.000000000000000E+00
   1.505000150500000E-01   6.522247793700001E-02   6.504236346800001E-02   4.230509045500000E-03   2.359104919100000E-03   1.000000000000000E+00
   1.565000156500000E-01   6.522247793700001E-02   6.504236346800001E-02   4.230509045500000E-03   2.359104919100000E-03   1.000000000000000E+00
   1.625000162500000E-01   6.522247793700001E-02   6.504236346800001E-02   4.230509045500000E-03   2.359104919100000E-03   1.000000000000000E+00
   1.685000168500000E-01   6.522247793700001E-02   6.504236346800001E-02   4.230509045500000E-03   2.359104919100000E-03   1.000000000000000E+00
   1.745000174500000E-01   6.522247793700001E-02   6.504236346800001E-02   4.230509045500000E-03   2.359104919100000E-03   1.000000000000000E+00
   1.805000180500000E-01   6.522247793700001E-02   6.504236346800001E-02   4.230509045500000E-03   2.359104919100000E-03   1.000000000000000E+00
   1.865000186500000E-01   6.522247793700001E-02   6.504236346800001E-02   4.230509045500000E-03   2.359104919100000E-03   1.000000000000000E+00
   1.925000192500000E-01   6.522247793700001E-02   6.504236346800001E-02   4.230509045500000E-03   2.359104919100000E-03   1.000000000000000E+00
   1.985000198500000E-01   6.522247793700001E-02   6.504236346800001E-02   4.230509045500000E-03   2.359104919100000E-03   1.000000000000000E+00
   2.045000204500000E-01   6.522247793700001E-02   6.504236346800001E-02   4.230509045500000E-03   2.359104919100000E-03   1.000000000000000E+00
   2.105000210500000E-01   6.522247793700001E-02   6.504236346800001E-02   4.230509045500000E-03   2.359104919100000E-03   1.000000000000000E+00
   2.165000216500000E-01   6.522247793700001E-02   6.504236346800001E-02   4.230509045500000E-03   2.359104919100000E-03   1.000000000000000E+00
   2.225000222500000E-01   6.522247793700001E-02   6.504236346800001E-02   4.230509045500000E-03   2.359104919100000E-03   1.000000000000000E+00
   2.285000228500000E-01   6.522247793700001E-02   6.504236346800001E-02   4.230509045500000E-03   2.359104919100000E-03   1.000000000000000E+00
   2.345000234500000E-01   6.522247793700001E-02   6.504236346800001E-02   4.230509045500000E-03   2.359104919100000E-03   1.000000000000000E+00
   2.405000240500000E-01   6.522247793700001E-02   6.504236346800001E-02   4.230509045500000E-03   2.359104919100000E-03   1.000000000000000E+00
   2.465000246500000E-01   6.522247793700001E-02   6.504236346800001E-02   4.230509045500000E-03   2.359104919100000E-03   1.000000000000000E+00
   2.525000252500000E-01   6.522247793700001E-02   6.504236346800001E-02   4.230509045500000E-03   2.359104919100000E-03   1.000000000000000E+00
   2.585000258500000E-01   6.522247793700001E-02   6.504236346800001E-02   4.230509045500000E-03   2.359104919100000E-03   1.000000000000000E+00
   2.645000264500000E-01   6.522247793700001E-02   6.504236346800001E-02   4.230509045500000E-03   2.359104919100000E-03   1.000000000000000E+00
   2.705000270500000E-01   6.522247793700001E-02   6.504236346800001E-02   4.230509045500000E-03   2.359104919100000E-03   1.000000000000000E+00
   2.765000276500000E-01   6.522247793700001E-02   6.504236346800001E-02   4.230509045500000E-03   2.359104919100000E-03   1.000000000000000E+00
   2.825000282500000E-01   6.522247793700001E-02   6.504236346800001E-02   4.230509045500000E-03   2.359104919100000E-03   1.000000000000000E+00
   2.885000288500000E-01   6.522247793700001E-02   6.504236346800001E-02   4.230509045500000E-03   2.359104919100000E-03   1.000000000000000E+00
   2.945000294500000E-01   6.522247793700001E-02   6.504236346800001E-02   4.230509045500000E-03   2.359104919100000E-03   1.000000000000000E+00
   3.005000300500000E-01   6.522247793700001E-02   6.504236346800001E-02   4.230509045500000E-03   2.359104919100000E-03   1.000000000000000E+00
   3.065000306500000E-01   6.522247793700001E-02   6.504236346800001E-02   4.230509045500000E-03   2.359104919100000E-03   1.000000000000000E+00
   3.125000312500000E-01   6.522247793700001E-02   6.504236346800001E-02   4.230509045500000E-03   2.359104919100000E-03   1.000000000000000E+00
   3.185000318500000E-01   6.522247793700001E-02   6.504236346800001E-02   4.230509045500000E-03   2.359104919100000E-03   1.000000000000000E+00
   3.245000324500000E-01   6.522247793700001E-02   6.504236346800001E-02   4.230509045500000E-03   2.359104919100000E-03   1.000000000000000E+00
   3.305000330500000E-01   6.522247793700001E-02   6.504236346800001E-02   4.230509045500000E-03   2.359104919100000E-03   1.000000000000000E+00
   3.365000336500000E-01   6.522247793700001E-02   6.504236346800001E-02   4.230509045500000E-03   2.359104919100000E-03   1.000000000000000E+00
   3.425000342500000E-01   6.522247793700001E-02   6.504236346800001E-02   4.230509045500000E-03   2.359104919100000E-03   1.000000000000000E+00
   3.485000348500000E-01   6.522247793700001E-02   6.504236346800001E-02   4.230509045500000E-03   2.359104919100000E-03   1.000000000000000E+00
   3.545000354500000E-01   6.522247793700001E-02   6.504236346800001E-02   4.230509045500000E-03   2.359104919100000E-03   1.000000000000000E+00
   3.605000360500000E-01   6.522247793700001E-02   6.504236346800001E-02   4.230509045500000E-03   2.359104919100000E-03   1.000000000000000E+00
   3.665000366500000E-01   6.522247793700001E-02   6.504236346800001E-02   4.230509045500000E-03   2.359104919100000E-03   1.000000000000000E+00
   3.725000372500000E-01   6.522247793700001E-02   6.504236346800001E-02   4.230509045500000E-03   2.359104919100000E-03   1.000000000000000E+00
   3.785000378500000E-01   6.522247793700001E-02   6.504236346800001E-02   4.230509045500000E-03   2.359104919100000E-03   1.000000000000000E+00
   3.845000384500000E-01   6.522247793700001E-02   6.504236346800001E-02   4.230509045500000E-03   2.359104919100000E-03   1.000000000000000E+00
   3.905000390500000E-01   6.522247793700001E-02   6.504236346800001E-02   4.230509045500000E-03   2.359104919100000E-03   1.000000000000000E+00
   3.965000396500000E-01   6.522247793700001E-02   6.504236346800001E-02   4.230509045500000E-03   2.359104919100000E-03   1.000000000000000E+00
   4.025000402500000E-01   6.522247793700001E-02   6.504236346800001E-02   4.230509045500000E-03   2.359104919100000E-03   1.000000000000000E+00
   4.085000408500000E-01   6.522247793700001E-02   6.504236346800001E-02   4.230509045500000E-03   2.359104919100000E-03   1.000000000000000E+00
   4.145000414500000E-01   6.522247793700001E-02   6.504236346800001E-02   4.230509045500000E-03   2.359104919100000E-03   1.000000000000000E+00
   4.205000420500000E-01   6.522247793700001E-02   6.504236346800001E-02   4.230509045500000E-03   2.359104919100000E-03   1.000000000000000E+00
   4.265000426500000E-01   6.522247793700001E-02   6.504236346800001E-02   4.230509045500000E-03   2.359104919100000E-03   1.000000000000000E+00
   4.325000432500000E-01   6.522247793700001E-02   6.504236346800001E-02   4.230509045500000E-03   2.359104919100000E-03   1.000000000000000E+00
   4.385000438500000E-01   6.522247793700001E-02   6.504236346800001E-02   4.230509045500000E-03   2.359104919100000E-03   1.000000000000000E+00
   4.439854588400000E-01   6.522247793700001E-02   6.504236346800001E-02   4.230509045500000E-03   2.359104919100000E-03   1.000000000000000E+00
   4.499854594400000E-01   6.522247793700001E-02   6.504236346800001E-02   4.230509045500000E-03   2.359104919100000E-03   3.000000000000000E+00
   4.559854600400000E-01   6.522247793700001E-02   6.504236346800001E-02   4.230509045500000E-03   2.359104919100000E-03   3.000000000000000E+00
   4.619854606400000E-01   6.522247793700001E-02   6.504236346800001E-02   4.230509045500000E-03   2.359104919100000E-03   3.000000000000000E+00
   4.679854612400000E-01   6.522247793700001E-02   6.504236346800001E-02   4.230509045500000E-03   2.359104919100000E-03   3.000000000000000E+00
   4.739854618400000E-01   6.522247793700001E-02   6.504236346800001E-02   4.230509045500000E-03   2.359104919100000E-03   3.000000000000000E+00
   4.799854624400000E-01   6.522247793700001E-02   6.504236346800001E-02   4.230509045500000E-03   2.359104919100000E-03   3.000000000000000E+00
   4.859854630400000E-01   6.522247793700001E-02   6.504236346800001E-02   4.230509045500000E-03   2.359104919100000E-03   3.000000000000000E+00
   4.919854636400000E-01   6.522247793700001E-02   6.504236346800001E-02   4.230509045500000E-03   2.359104919100000E-03   3.000000000000000E+00
   4.979854642400000E-01   6.522247793700001E-02   6.504236346800001E-02   4.230509045500000E-03   2.359104919100000E-03   3.000000000000000E+00
   5.039854648400000E-01   6.522247793700001E-02   6.504236346800001E-02   4.230509045500000E-03   2.359104919100000E-03   3.000000000000000E+00
   5.099854654400000E-01   6.522247793700001E-02   6.504236346800001E-02   4.230509045500000E-03   2.359104919100000E-03   3.000000000000000E+00
   5.159854660400000E-01   6.522247793700001E-02   6.504236346800001E-02   4.230509045500000E-03   2.359104919100000E-03   3.000000000000000E+00
   5.219854666400000E-01   6.522247793700001E-02   6.504236346800001E-02   4.230509045500000E-03   2.359104919100000E-03   3.000000000000000E+00
   5.279854672400000E-01   6.522247793700001E-02   6.504236346800001E-02   4.230509045500000E-03   2.359104919100000E-03   3.000000000000000E+00
   5.339854678400000E-01   6.522247793700001E-02   6.504236346800001E-02   4.230509045500000E-03   2.359104919100000E-03   3.000000000000000E+00
   5.399854684399999E-01   6.522247793700001E-02   6.504236346800001E-02   4.230509045500000E-03   2.359104919100000E-03   3.000000000000000E+00
   5.459854690400000E-01   6.522247793700001E-02   6.504236346800001E-02   4.230509045500000E-03   2.359104919100000E-03   3.000000000000000E+00
   5.519854696399999E-01   6.522247793700001E-02   6.504236346800001E-02   4.230509045500000E-03   2.359104919100000E-03   3.000000000000000E+00
   5.579854702400000E-01   6.522247793700001E-02   6.504236346800001E-02   4.230509045500000E-03   2.359104919100000E-03   3.000000000000000E+00
   5.639854708399999E-01   6.522247793700001E-02   6.504236346800001E-02   4.230509045500000E-03   2.359104919100000E-03   3.000000000000000E+00
   5.699854714400000E-01   6.522247793700001E-02   6.504236346800001E-02   4.230509045500000E-03   2.359104919100000E-03   3.000000000000000E+00
   5.759854720399999E-01   6.522247793700001E-02   6.504236346800001E-02   4.230509045500000E-03   2.359104919100000E-03   3.000000000000000E+00
   5.819854726400000E-01   6.522247793700001E-02   6.504236346800001E-02   4.230509045500000E-03   2.359104919100000E-03   3.000000000000000E+00
   5.879854732399999E-01   6.522247793700001E-02   6.504236346800001E-02   4.230509045500000E-03   2.359104919100000E-03   3.000000000000000E+00
   5.939854738400000E-01   6.522247793700001E-02   6.504236346800001E-02   4.230509045500000E-03   2.359104919100000E-03   3.000000000000000E+00
   5.999854744400001E-01   6.522247793700001E-02   6.504236346800001E-02   4.230509045500000E-03   2.359104919100000E-03   3.000000000000000E+00
   6.059854750400000E-01   6.522247793700001E-02   6.504236346800001E-02   4.230509045500000E-03   2.359104919100000E-03   3.000000000000000E+00
   6.119854756400001E-01   6.522247793700001E-02   6.504236346800001E-02   4.230509045500000E-03   2.359104919100000E-03   3.000000000000000E+00
   6.179854762400000E-01   6.522247793700001E-02   6.504236346800001E-02   4.230509045500000E-03   2.359104919100000E-03   3.000000000000000E+00
   6.239854768400001E-01   6.522247793700001E-02   6.504236346800001E-02   4.230509045500000E-03   2.359104919100000E-03   3.000000000000000E+00
   6.299854774400000E-01   6.522247793700001E-02   6.504236346800001E-02   4.230509045500000E-03   2.359104919100000E-03   3.000000000000000E+00
   6.359854780400001E-01   6.522247793700001E-02   6.504236346800001E-02   4.230509045500000E-03   2.359104919100000E-03   3.000000000000000E+00
   6.419854786400000E-01   6.522247793700001E-02   6.504236346800001E-02   4.230509045500000E-03   2.359104919100000E-03   3.000000000000000E+00
   6.479854792400001E-01   6.522247793700001E-02   6.504236346800001E-02   4.230509045500000E-03   2.359104919100000E-03   3.000000000000000E+00
   6.539854798400000E-01   6.522247793700001E-02   6.504236346800001E-02   4.230509045500000E-03   2.359104919100000E-03   3.000000000000000E+00
   6.599854804400000E-01   6.522247793700001E-02   6.504236346800001E-02   4.230509045500000E-03   2.359104919100000E-03   3.000000000000000E+00
   6.659854810400000E-01   6.522247793700001E-02   6.504236346800001E-02   4.230509045500000E-03   2.359104919100000E-03   3.000000000000000E+00
   6.719854816400000E-01   6.522247793700001E-02   6.504236346800001E-02   4.230509045500000E-03   2.359104919100000E-03   3.000000000000000E+00
   6.779854822400000E-01   6.522247793700001E-02   6.504236346800001E-02   4.230509045500000E-03   2.359104919100000E-03   3.000000000000000E+00
   6.839854828400000E-01   6.522247793700001E-02   6.504236346800001E-02   4.230509045500000E-03   2.359104919100000E-03   3.000000000000000E+00
   6.899854834400000E-01   6.522247793700001E-02   6.504236346800001E-02   4.230509045500000E-03   2.359104919100000E-03   3.000000000000000E+00
   6.959854840400000E-01   6.522247793700001E-02   6.504236346800001E-02   4.230509045500000E-03   2.359104919100000E-03   3.000000000000000E+00
   6.999999998000001E-01   6.522247793700001E-02   6.504236346800001E-02   4.230509045500000E-03   2.359104919100000E-03   3.000000000000000E+00

