   6.950481725200000E-01  -4.155443381000000E-02   1.678672183700000E+00   1.962379062800000E+00   2.151062516200000E-01   2.856311040600000E+01   3.000000000000000E+00
   6.950484273100000E-01  -4.256289465600000E-02   1.678825439400000E+00   1.962634176000000E+00   2.151367535000000E-01   2.856311312200000E+01   2.000000000000000E+00
   6.950497833600000E-01  -4.406592821800000E-02   1.679053214400000E+00   1.963013743000000E+00   2.151818754800000E-01   2.856312721800000E+01   2.000000000000000E+00
   6.950539889700000E-01  -4.628443324300000E-02   1.679391479500000E+00   1.963566866500000E+00   2.152446837600000E-01   2.856317111800000E+01   2.000000000000000E+00
   6.950607786700000E-01  -4.848913551500000E-02   1.679723952700000E+00   1.964132759500000E+00   2.153073853400000E-01   2.856324258400000E+01   2.000000000000000E+00
   6.950701142600000E-01  -5.068303269700000E-02   1.680050365000000E+00   1.964689143200000E+00   2.153715389900000E-01   2.856334204600000E+01   2.000000000000000E+00
   6.950819438000000E-01  -5.284378645700000E-02   1.680371684000000E+00   1.965245641400000E+00   2.154341805100000E-01   2.856347009700000E+01   2.000000000000000E+00
   6.950962020400000E-01  -5.497572359300000E-02   1.680686129500000E+00   1.965780803000000E+00   2.154963844800000E-01   2.856362748000000E+01   2.000000000000000E+00
   6.951128111900000E-01  -5.707264417300000E-02   1.680994241800000E+00   1.966305953100000E+00   2.155556891200000E-01   2.856381507600000E+01   2.000000000000000E+00
   6.951316818200000E-01  -5.915128030100000E-02   1.681297079300000E+00   1.966821695000000E+00   2.156114495100000E-01   2.856403389700000E+01   2.000000000000000E+00
   6.951527137900000E-01  -6.118413321800000E-02   1.681592547900000E+00   1.967325812400000E+00   2.156646625300000E-01   2.856428507100000E+01   2.000000000000000E+00
   6.951757973800000E-01  -6.320653776300000E-02   1.681881497700000E+00   1.967819561500000E+00   2.157142903100000E-01   2.856456982900000E+01   2.000000000000000E+00
   6.952008144300000E-01  -6.518694883200001E-02   1.682166183600000E+00   1.968298907400000E+00   2.157608272400000E-01   2.856488949100000E+01   2.000000000000000E+00
   6.952276394600000E-01  -6.713181704899999E-02   1.682442284800000E+00   1.968770600100000E+00   2.158031321900000E-01   2.856524545000000E+01   2.000000000000000E+00
   6.952561409500000E-01  -6.905899854899999E-02   1.682711774100000E+00   1.969231761700000E+00   2.158412231000000E-01   2.856563915800000E+01   2.000000000000000E+00
   6.952861824700000E-01  -7.093139670000000E-02   1.682978337600000E+00   1.969666380000000E+00   2.158781062800000E-01   2.856607211200000E+01   2.000000000000000E+00
   6.953176238900000E-01  -7.277353351099999E-02   1.683234959700000E+00   1.970104808800000E+00   2.159139939800000E-01   2.856654583900000E+01   2.000000000000000E+00
   6.953503225000000E-01  -7.459487426899999E-02   1.683491632600000E+00   1.970532718900000E+00   2.159452173500000E-01   2.856706188100000E+01   2.000000000000000E+00
   6.953841341000000E-01  -7.635240242800000E-02   1.683742871100000E+00   1.970951849800000E+00   2.159655978300000E-01   2.856762178300000E+01   2.000000000000000E+00
   6.954189139700000E-01  -7.810293872500000E-02   1.683989138500000E+00   1.971371526500000E+00   2.159903906100000E-01   2.856822708200000E+01   2.000000000000000E+00
   6.954545178700000E-01  -7.981171845000000E-02   1.684229011100000E+00   1.971780888900000E+00   2.160100931100000E-01   2.856887929600000E+01   2.000000000000000E+00
   6.954908028400000E-01  -8.147901365599999E-02   1.684461352100000E+00   1.972187138100000E+00   2.160246542500000E-01   2.856957991200000E+01   2.000000000000000E+00
   6.955276279600000E-01  -8.310528270299999E-02   1.684688808700000E+00   1.972575541500000E+00   2.160334753900000E-01   2.857033037800000E+01   2.000000000000000E+00
   6.955648550300000E-01  -8.469086411600001E-02   1.684910061500000E+00   1.972953980400000E+00   2.160368255400000E-01   2.857113209800000E+01   2.000000000000000E+00
   6.956023491600000E-01  -8.624248463200000E-02   1.685124138800000E+00   1.973329690600000E+00   2.160345857300000E-01   2.857198642400000E+01   2.000000000000000E+00
   6.956399792100000E-01  -8.776928956900000E-02   1.685333497800000E+00   1.973687268000000E+00   2.160329424500000E-01   2.857289464800000E+01   2.000000000000000E+00
   6.956776182200000E-01  -8.925641881900000E-02   1.685536872900000E+00   1.974035299900000E+00   2.160256121800000E-01   2.857385800400000E+01   2.000000000000000E+00
   6.957151437500000E-01  -9.070174930600000E-02   1.685734121700000E+00   1.974373380400000E+00   2.160112476600000E-01   2.857487766100000E+01   2.000000000000000E+00
   6.957524380500000E-01  -9.211713430200000E-02   1.685926015200000E+00   1.974701610500000E+00   2.159908055900000E-01   2.857595471900000E+01   2.000000000000000E+00
   6.957893883000000E-01  -9.349469950300000E-02   1.686112154600000E+00   1.975020760100000E+00   2.159644635500000E-01   2.857709021300000E+01   2.000000000000000E+00
   6.958258866800000E-01  -9.482548057800000E-02   1.686292810200000E+00   1.975329249900000E+00   2.159435256400000E-01   2.857828510800000E+01   2.000000000000000E+00
   6.958618304200000E-01  -9.612569642300001E-02   1.686467772700000E+00   1.975630378200000E+00   2.159096407600000E-01   2.857954030200000E+01   2.000000000000000E+00
   6.958971218200000E-01  -9.739666026799999E-02   1.686637205600000E+00   1.975922921500000E+00   2.158697674700000E-01   2.858085662200000E+01   2.000000000000000E+00
   6.959316682000000E-01  -9.863332022100001E-02   1.686801647700000E+00   1.976203660000000E+00   2.158320991200000E-01   2.858223483200000E+01   2.000000000000000E+00
   6.959653818000000E-01  -9.985457773900000E-02   1.686960341100000E+00   1.976479128500000E+00   2.157847065400000E-01   2.858367562900000E+01   2.000000000000000E+00
   6.959981797100000E-01  -1.010417384500000E-01   1.687113718500000E+00   1.976746508400000E+00   2.157312924300000E-01   2.858517964700000E+01   2.000000000000000E+00
   6.960299837000000E-01  -1.021889960600000E-01   1.687263711100000E+00   1.977004678300000E+00   2.156758437700000E-01   2.858674746000000E+01   2.000000000000000E+00
   6.960607200900000E-01  -1.032983539500000E-01   1.687407006400000E+00   1.977270153500000E+00   2.156122359900000E-01   2.858837958100000E+01   2.000000000000000E+00
   6.960903195400000E-01  -1.043792063000000E-01   1.687558351400000E+00   1.977528192200000E+00   2.155426004500000E-01   2.859007646700000E+01   2.000000000000000E+00
   6.961187169200000E-01  -1.054431348800000E-01   1.687704039600000E+00   1.977788942900000E+00   2.154775666100000E-01   2.859183852400000E+01   2.000000000000000E+00
   6.961458510900000E-01  -1.064777013800000E-01   1.687846012300000E+00   1.978031196400000E+00   2.153997020500000E-01   2.859366610300000E+01   2.000000000000000E+00
   6.961716647000000E-01  -1.074824561300000E-01   1.687983308000000E+00   1.978266457000000E+00   2.153158500100000E-01   2.859555950800000E+01   2.000000000000000E+00
   6.961961040300000E-01  -1.084643293300000E-01   1.688116077200000E+00   1.978496433400000E+00   2.152367636600000E-01   2.859751899800000E+01   2.000000000000000E+00
   6.962191187100000E-01  -1.094093270400000E-01   1.688244133900000E+00   1.978717534400000E+00   2.151471558400000E-01   2.859954478700000E+01   2.000000000000000E+00
   6.962406616300000E-01  -1.103267740900000E-01   1.688367663200000E+00   1.978932063500000E+00   2.150516373600000E-01   2.860163705000000E+01   2.000000000000000E+00
   6.962606886700000E-01  -1.112017497900000E-01   1.688486860100000E+00   1.979129917100000E+00   2.149526288200000E-01   2.860379592100000E+01   2.000000000000000E+00
   6.962791585300000E-01  -1.120713356900000E-01   1.688601810600000E+00   1.979328456100000E+00   2.148494278800000E-01   2.860602150200000E+01   2.000000000000000E+00
   6.962960325599999E-01  -1.129149734000000E-01   1.688712368700000E+00   1.979520785800000E+00   2.147403995800000E-01   2.860831385900000E+01   2.000000000000000E+00
   6.963112745800000E-01  -1.137213434700000E-01   1.688816759100000E+00   1.979714085200000E+00   2.146278087200000E-01   2.861067302600000E+01   2.000000000000000E+00
   6.963248507000001E-01  -1.145163312000000E-01   1.688918112800000E+00   1.979895293000000E+00   2.145091547300000E-01   2.861309901000000E+01   2.000000000000000E+00
   6.963367291600000E-01  -1.152870512900000E-01   1.689015176500000E+00   1.980070660500000E+00   2.143847599600000E-01   2.861559179000000E+01   2.000000000000000E+00
   6.963468801700000E-01  -1.160343880100000E-01   1.689111962300000E+00   1.980233297200000E+00   2.142610271600000E-01   2.861815132100000E+01   2.000000000000000E+00
   6.963552757800000E-01  -1.167542250700000E-01   1.689216320100000E+00   1.980413330100000E+00   2.141281583800000E-01   2.862077753300000E+01   2.000000000000000E+00
   6.963618897200000E-01  -1.174518159400000E-01   1.689316695600000E+00   1.980587973800000E+00   2.139896481700000E-01   2.862347033600000E+01   2.000000000000000E+00
   6.963666972600000E-01  -1.181435601300000E-01   1.689415150600000E+00   1.980759450900000E+00   2.138538402900000E-01   2.862622961900000E+01   2.000000000000000E+00
   6.963696751200000E-01  -1.188000817400000E-01   1.689506851800000E+00   1.980923325000000E+00   2.137112640800000E-01   2.862905525400000E+01   2.000000000000000E+00
   6.963708013000000E-01  -1.194355240800000E-01   1.689594630700000E+00   1.981082094300000E+00   2.135631659300000E-01   2.863194709700000E+01   2.000000000000000E+00
   6.963708112700000E-01  -1.194971439400000E-01   1.689603343100000E+00   1.981107280400000E+00   2.135419971100000E-01   2.863224922800000E+01   2.000000000000000E+00
   6.963686912500000E-01  -1.204078668900000E-01   1.689725760600000E+00   1.981331418000000E+00   2.133151191400000E-01   2.863672092100000E+01   3.000000000000000E+00
   6.963622879700000E-01  -1.212739325600000E-01   1.689839448800000E+00   1.981544551600000E+00   2.130760236400000E-01   2.864134083400000E+01   3.000000000000000E+00
   6.963515408099999E-01  -1.220790930500000E-01   1.689942356700000E+00   1.981738198700000E+00   2.128259187200000E-01   2.864610804300000E+01   3.000000000000000E+00
   6.963363931600000E-01  -1.228594244300000E-01   1.690061176000000E+00   1.981926685300000E+00   2.125642951200000E-01   2.865102182900000E+01   3.000000000000000E+00
   6.963167918399999E-01  -1.235990921600000E-01   1.690171767300000E+00   1.982104905600000E+00   2.122924032200000E-01   2.865608142900000E+01   3.000000000000000E+00
   6.962926865100000E-01  -1.243154418200000E-01   1.690274272300000E+00   1.982261920400000E+00   2.120175920300000E-01   2.866128604100000E+01   3.000000000000000E+00
   6.962640292100000E-01  -1.249763300000000E-01   1.690368189100000E+00   1.982447392000000E+00   2.117722519500000E-01   2.866663483000000E+01   3.000000000000000E+00
   6.962307738400000E-01  -1.255993310900000E-01   1.690453958700000E+00   1.982623451600000E+00   2.117287554700000E-01   2.867212693600000E+01   3.000000000000000E+00
   6.961928758000000E-01  -1.261880176200000E-01   1.690543431900000E+00   1.982803763900000E+00   2.116875239800000E-01   2.867776147700000E+01   3.000000000000000E+00
   6.961502915700000E-01  -1.267364742300000E-01   1.690619718900000E+00   1.982957208500000E+00   2.116450454800000E-01   2.868353755300000E+01   3.000000000000000E+00
   6.961029784100000E-01  -1.272492737400000E-01   1.690687995300000E+00   1.983101758300000E+00   2.116030715200000E-01   2.868945425400000E+01   3.000000000000000E+00
   6.960508939900000E-01  -1.277054469300000E-01   1.690761637000000E+00   1.983231673800000E+00   2.115615944100000E-01   2.869551065700000E+01   3.000000000000000E+00
   6.959939961500000E-01  -1.281480843100000E-01   1.690824756000000E+00   1.983355586100000E+00   2.115202816700000E-01   2.870170583800000E+01   3.000000000000000E+00
   6.959322426300000E-01  -1.285653023600000E-01   1.690901253300000E+00   1.983471048800000E+00   2.114793578000000E-01   2.870803886700000E+01   3.000000000000000E+00
   6.958655908100000E-01  -1.289645059200000E-01   1.690964753700000E+00   1.983562687100000E+00   2.114330835100000E-01   2.871450881800000E+01   3.000000000000000E+00
   6.957939975200000E-01  -1.293143952300000E-01   1.691029197900000E+00   1.983687660100000E+00   2.113925533100000E-01   2.872111476600000E+01   3.000000000000000E+00
   6.957174188100000E-01  -1.296325886900000E-01   1.691086037800000E+00   1.983804692800000E+00   2.113523055000000E-01   2.872785579200000E+01   3.000000000000000E+00
   6.956358097899999E-01  -1.299151687300000E-01   1.691136893100000E+00   1.983924791100000E+00   2.113161868700000E-01   2.873473098500000E+01   3.000000000000000E+00
   6.955491244400001E-01  -1.301685464000000E-01   1.691181236500000E+00   1.984022446100000E+00   2.112772298900000E-01   2.874173944400000E+01   3.000000000000000E+00
   6.954573154400000E-01  -1.303911919500000E-01   1.691217950400000E+00   1.984112460500000E+00   2.112384637500000E-01   2.874888028000000E+01   3.000000000000000E+00
   6.953603340400000E-01  -1.305990655500000E-01   1.691253878500000E+00   1.984189577600000E+00   2.111996282100000E-01   2.875615261600000E+01   3.000000000000000E+00
   6.952581298900000E-01  -1.307726656500000E-01   1.691284983400000E+00   1.984261538800000E+00   2.111611680700000E-01   2.876355559100000E+01   3.000000000000000E+00
   6.951506509099999E-01  -1.309169364500000E-01   1.691331046800000E+00   1.984326109200000E+00   2.111228132700000E-01   2.877108836100000E+01   3.000000000000000E+00
   6.950378431799999E-01  -1.310303749400000E-01   1.691366796300000E+00   1.984372339700000E+00   2.110801923600000E-01   2.877875009800000E+01   3.000000000000000E+00
   6.949196507800000E-01  -1.311149049900000E-01   1.691400028900000E+00   1.984447894200000E+00   2.110421589000000E-01   2.878653999400000E+01   3.000000000000000E+00
   6.947960157000000E-01  -1.311705277900000E-01   1.691425799900000E+00   1.984516356900000E+00   2.110041534800000E-01   2.879445726100000E+01   3.000000000000000E+00
   6.946668777000000E-01  -1.311996580800000E-01   1.691446432200000E+00   1.984589722000000E+00   2.109702335800000E-01   2.880250113100000E+01   3.000000000000000E+00
   6.945321741800000E-01  -1.311992386900000E-01   1.691459336800000E+00   1.984637745900000E+00   2.109315615700000E-01   2.881067086100000E+01   3.000000000000000E+00
   6.943918400900000E-01  -1.311939108000000E-01   1.691464673400000E+00   1.984678817700000E+00   2.108928359800000E-01   2.881896572800000E+01   3.000000000000000E+00
   6.942458078300000E-01  -1.311517822500000E-01   1.691473470400000E+00   1.984703013600000E+00   2.108559618400000E-01   2.882738503500000E+01   3.000000000000000E+00
   6.940940070800000E-01  -1.310940694400000E-01   1.691495742200000E+00   1.984727282600000E+00   2.108172754700000E-01   2.883592810900000E+01   3.000000000000000E+00
   6.939363647400000E-01  -1.310087289100000E-01   1.691510602000000E+00   1.984744708100000E+00   2.107784672300000E-01   2.884459430400000E+01   3.000000000000000E+00
   6.937728047700000E-01  -1.308901142100000E-01   1.691517568800000E+00   1.984769324400000E+00   2.107373311400000E-01   2.885338300000000E+01   3.000000000000000E+00
   6.936032481200000E-01  -1.307415197300000E-01   1.691518865200000E+00   1.984801715000000E+00   2.106980093600000E-01   2.886229360200000E+01   3.000000000000000E+00
   6.934276125600000E-01  -1.305648219700000E-01   1.691512588400000E+00   1.984827430600000E+00   2.106584953500000E-01   2.887132554700000E+01   3.000000000000000E+00
   6.932458125800000E-01  -1.303953425100000E-01   1.691501374400000E+00   1.984845221100000E+00   2.106214552500000E-01   2.888047829700000E+01   3.000000000000000E+00
   6.930577592900000E-01  -1.301884331600000E-01   1.691483144300000E+00   1.984858036600000E+00   2.105820851300000E-01   2.888975134600000E+01   3.000000000000000E+00
   6.928633602399999E-01  -1.299537560600000E-01   1.691486014300000E+00   1.984864217000000E+00   2.105424636300000E-01   2.889914421700000E+01   3.000000000000000E+00
   6.926625193300000E-01  -1.296807490500000E-01   1.691480090800000E+00   1.984844922000000E+00   2.105014501500000E-01   2.890865646400000E+01   3.000000000000000E+00
   6.924551366300000E-01  -1.293839997300000E-01   1.691468789500000E+00   1.984846426300000E+00   2.104608565100000E-01   2.891828767100000E+01   3.000000000000000E+00
   6.922411082900000E-01  -1.290859699300000E-01   1.691449800700000E+00   1.984841324600000E+00   2.104199419500000E-01   2.892803745500000E+01   3.000000000000000E+00
   6.920203263600000E-01  -1.287730728000000E-01   1.691424054200000E+00   1.984823070500000E+00   2.103811221900000E-01   2.893790546600000E+01   3.000000000000000E+00
   6.917926786200000E-01  -1.284135768400000E-01   1.691390091900000E+00   1.984796222600000E+00   2.103398574400000E-01   2.894789138600000E+01   3.000000000000000E+00
   6.915580484500000E-01  -1.280253116300000E-01   1.691358825800000E+00   1.984762700100000E+00   2.102982105200000E-01   2.895799493200000E+01   3.000000000000000E+00
   6.913163146600000E-01  -1.276185165000000E-01   1.691338811500000E+00   1.984757752000000E+00   2.102548842100000E-01   2.896821585300000E+01   3.000000000000000E+00
   6.910673512900000E-01  -1.272107758400000E-01   1.691313874900000E+00   1.984725197900000E+00   2.102122084200000E-01   2.897855393600000E+01   3.000000000000000E+00
   6.908110274700000E-01  -1.267742124200000E-01   1.691281027800000E+00   1.984685943500000E+00   2.101690830400000E-01   2.898900900100000E+01   3.000000000000000E+00
   6.905472071700000E-01  -1.263024830400000E-01   1.691241005600000E+00   1.984594530800000E+00   2.101223410200000E-01   2.899958090500000E+01   3.000000000000000E+00
   6.902757490600000E-01  -1.257983269300000E-01   1.691192978400000E+00   1.984561751900000E+00   2.100780574900000E-01   2.901026954100000E+01   3.000000000000000E+00
   6.899965062700000E-01  -1.252781528000000E-01   1.691136727400000E+00   1.984522235800000E+00   2.100332560000000E-01   2.902107484100000E+01   3.000000000000000E+00
   6.897093261700000E-01  -1.247612782900000E-01   1.691091215100000E+00   1.984490340400000E+00   2.099933255600000E-01   2.903199677200000E+01   3.000000000000000E+00
   6.894416125100000E-01  -1.242450555400000E-01   1.691056073900000E+00   1.984437093500000E+00   2.099519688000000E-01   2.904201289900000E+01   3.000000000000000E+00
   6.889843198300000E-01  -1.233386092800000E-01   1.690983098900000E+00   1.984336608200000E+00   2.098825749700000E-01   2.905877325000000E+01   2.000000000000000E+00
   6.885078671800000E-01  -1.224333839300000E-01   1.690891978800000E+00   1.984178925800000E+00   2.098118355600000E-01   2.907579732900000E+01   2.000000000000000E+00
   6.880116608600000E-01  -1.214302035900000E-01   1.690781658200000E+00   1.984077960300000E+00   2.097409313600000E-01   2.909308479600000E+01   2.000000000000000E+00
   6.874950473000000E-01  -1.203830843300000E-01   1.690687075400000E+00   1.983961741500000E+00   2.096684799800000E-01   2.911063637800000E+01   2.000000000000000E+00
   6.869573336400000E-01  -1.192918876300000E-01   1.690587474500000E+00   1.983831086800000E+00   2.095917561400000E-01   2.912845301100000E+01   2.000000000000000E+00
   6.863977852800000E-01  -1.181475987900000E-01   1.690468728600000E+00   1.983668220700000E+00   2.095146918000000E-01   2.914653585200000E+01   2.000000000000000E+00
   6.858156231400000E-01  -1.169259693700000E-01   1.690329276600000E+00   1.983488234800000E+00   2.094358037600000E-01   2.916488627700000E+01   2.000000000000000E+00
   6.852100207200000E-01  -1.156640041200000E-01   1.690200173000000E+00   1.983298631100000E+00   2.093541719800000E-01   2.918350588700000E+01   2.000000000000000E+00
   6.845801009900000E-01  -1.143463147500000E-01   1.690069971900000E+00   1.983092105200000E+00   2.092731985800000E-01   2.920239651200000E+01   2.000000000000000E+00
   6.839249330200000E-01  -1.129456627800000E-01   1.689918029800000E+00   1.982910185000000E+00   2.091903323900000E-01   2.922156021300000E+01   2.000000000000000E+00
   6.832435283700000E-01  -1.114930235400000E-01   1.689744078600000E+00   1.982710529600000E+00   2.091102360200000E-01   2.924099928300000E+01   2.000000000000000E+00
   6.825348372100000E-01  -1.100131882400000E-01   1.689583055300000E+00   1.982464483800000E+00   2.090218900100000E-01   2.926071625100000E+01   2.000000000000000E+00
   6.817977441500001E-01  -1.084456317000000E-01   1.689415342400000E+00   1.982198681700000E+00   2.089310830700000E-01   2.928071387900000E+01   2.000000000000000E+00
   6.810310638600000E-01  -1.068183052700000E-01   1.689223763000000E+00   1.981985019100000E+00   2.088375396800000E-01   2.930099516100000E+01   2.000000000000000E+00
   6.802335362900001E-01  -1.051021448400000E-01   1.689007434200000E+00   1.981698445500000E+00   2.087413958900000E-01   2.932156332400000E+01   2.000000000000000E+00
   6.794038216700000E-01  -1.033528513900000E-01   1.688814113300000E+00   1.981390346200000E+00   2.086424024900000E-01   2.934242181600000E+01   2.000000000000000E+00
   6.785404951800000E-01  -1.015019191900000E-01   1.688602418400000E+00   1.981123980400000E+00   2.085387314200000E-01   2.936357430500000E+01   2.000000000000000E+00
   6.776420413299999E-01  -9.962252165000000E-02   1.688363450200000E+00   1.980794111700000E+00   2.084334153700000E-01   2.938502466100000E+01   2.000000000000000E+00
   6.767068480600000E-01  -9.763980630000001E-02   1.688107426100000E+00   1.980440554500000E+00   2.083248026100000E-01   2.940677694600000E+01   2.000000000000000E+00
   6.757332005700000E-01  -9.559461455700000E-02   1.687869990100000E+00   1.980095431100000E+00   2.082175232800000E-01   2.942883538900000E+01   2.000000000000000E+00
   6.747192749900000E-01  -9.346177156100000E-02   1.687602187000000E+00   1.979725922500000E+00   2.081029766000000E-01   2.945120436400000E+01   2.000000000000000E+00
   6.736631318800000E-01  -9.124629225800000E-02   1.687304168700000E+00   1.979330196500000E+00   2.079845790600000E-01   2.947388835100000E+01   2.000000000000000E+00
   6.725627096600000E-01  -8.895142471900000E-02   1.687015264400000E+00   1.978903454000000E+00   2.078599567200000E-01   2.949689189600000E+01   2.000000000000000E+00
   6.714158181300000E-01  -8.659263905800001E-02   1.686711400700000E+00   1.978449245500000E+00   2.077335889900000E-01   2.952021955600000E+01   2.000000000000000E+00
   6.702201322600000E-01  -8.412020789499999E-02   1.686374299000000E+00   1.977965210600000E+00   2.076027321800000E-01   2.954387583400000E+01   2.000000000000000E+00
   6.689731864100000E-01  -8.156037490600000E-02   1.686021913300000E+00   1.977512071700000E+00   2.074680399700000E-01   2.956786509600000E+01   2.000000000000000E+00
   6.676723693200000E-01  -7.892576186100000E-02   1.685674011500000E+00   1.976984862800000E+00   2.073273458600000E-01   2.959219147200000E+01   2.000000000000000E+00
   6.663149202400001E-01  -7.615362880800000E-02   1.685289265800000E+00   1.976423827600000E+00   2.071814347100000E-01   2.961685873200000E+01   2.000000000000000E+00
   6.648979266200000E-01  -7.332212790400000E-02   1.684867011100000E+00   1.975885821600000E+00   2.070300477600000E-01   2.964187014700000E+01   2.000000000000000E+00
   6.634183240000000E-01  -7.037508653900000E-02   1.684466858400000E+00   1.975270581200000E+00   2.068728074500000E-01   2.966722830800000E+01   2.000000000000000E+00
   6.618728988200000E-01  -6.728820035400000E-02   1.684025673400000E+00   1.974626338900000E+00   2.067095080500000E-01   2.969293492700000E+01   2.000000000000000E+00
   6.602582949000000E-01  -6.411931780600000E-02   1.683541893000000E+00   1.974012727200000E+00   2.065386662900000E-01   2.971899058800000E+01   2.000000000000000E+00
   6.585710247900000E-01  -6.085532270700000E-02   1.683062940000000E+00   1.973310576200000E+00   2.063622001400000E-01   2.974539446700000E+01   2.000000000000000E+00
   6.568074870200000E-01  -5.741923508300000E-02   1.682553188300000E+00   1.972564616100000E+00   2.061787421100000E-01   2.977214400900000E+01   2.000000000000000E+00
   6.549639906000000E-01  -5.391469195600000E-02   1.681997440500000E+00   1.971774566600000E+00   2.059890959000000E-01   2.979923455200000E+01   2.000000000000000E+00
   6.530367883000000E-01  -5.023944418000000E-02   1.681428848600000E+00   1.970986767000000E+00   2.057908474000000E-01   2.982665891700000E+01   2.000000000000000E+00
   6.510221199600000E-01  -4.646570557600000E-02   1.680838061100000E+00   1.970149602700000E+00   2.055845344700000E-01   2.985440694400000E+01   2.000000000000000E+00
   6.489162673800000E-01  -4.254588332700000E-02   1.680196850000000E+00   1.969230724700000E+00   2.053660015400000E-01   2.988246501100000E+01   2.000000000000000E+00
   6.467156217700000E-01  -3.846326842100000E-02   1.679527893100000E+00   1.968308224100000E+00   2.051426026700000E-01   2.991081551100000E+01   2.000000000000000E+00
   6.444167642300000E-01  -3.429433905700000E-02   1.678842768500000E+00   1.967330608600000E+00   2.049102807700000E-01   2.993943635100000E+01   2.000000000000000E+00
   6.420165592300000E-01  -2.994238742300000E-02   1.678106910000000E+00   1.966263211600000E+00   2.046701626900000E-01   2.996830046100000E+01   2.000000000000000E+00
   6.395122593500000E-01  -2.548892593200000E-02   1.677315651600000E+00   1.965159966600000E+00   2.044187521300000E-01   2.999737538200000E+01   2.000000000000000E+00
   6.369016185900001E-01  -2.087361105400000E-02   1.676526848400000E+00   1.964043175700000E+00   2.041575659800000E-01   3.002662295200000E+01   2.000000000000000E+00
   6.341830093700001E-01  -1.613175456000000E-02   1.675682613400000E+00   1.962875727400000E+00   2.038872525600000E-01   3.005599916400000E+01   2.000000000000000E+00
   6.313555368500000E-01  -1.124570401900000E-02   1.674797442900000E+00   1.961627031000000E+00   2.036070693800000E-01   3.008545423500000E+01   2.000000000000000E+00
   6.284191423000000E-01  -6.252621650400000E-03   1.673852145500000E+00   1.960317318600000E+00   2.033170630900000E-01   3.011493292800000E+01   2.000000000000000E+00
   6.253746864600001E-01  -1.122543325800000E-03   1.672900384100000E+00   1.958936852500000E+00   2.030187692000000E-01   3.014437517700000E+01   2.000000000000000E+00
   6.222240036700000E-01   4.119676232900000E-03   1.671906321000000E+00   1.957516673000000E+00   2.027090531700000E-01   3.017371701400000E+01   2.000000000000000E+00
   6.189699188900000E-01   9.472010799300001E-03   1.670855051800000E+00   1.956072505800000E+00   2.023899928200000E-01   3.020289177900000E+01   2.000000000000000E+00
   6.156162223100000E-01   1.490332785900000E-02   1.669766666100000E+00   1.954570922600000E+00   2.020560924400000E-01   3.023183156400000E+01   2.000000000000000E+00
   6.121676002799999E-01   2.044336077900000E-02   1.668661573700000E+00   1.952993541300000E+00   2.017200367600000E-01   3.026046881500000E+01   2.000000000000000E+00
   6.086295255100000E-01   2.602265209800000E-02   1.667506018600000E+00   1.951365347500000E+00   2.013772092600000E-01   3.028873796500000E+01   2.000000000000000E+00
   6.050081140100000E-01   3.169370936600000E-02   1.666313828400000E+00   1.949696018300000E+00   2.010286550000000E-01   3.031657700600000E+01   2.000000000000000E+00
   6.013099594800000E-01   3.738145959400000E-02   1.665099366700000E+00   1.948010209500000E+00   2.006712226400000E-01   3.034392887000000E+01   2.000000000000000E+00
   5.975419577300000E-01   4.313634761100000E-02   1.663844318600000E+00   1.946281140000000E+00   2.003075459800000E-01   3.037074254500000E+01   2.000000000000000E+00
   5.937111335400000E-01   4.887807622400000E-02   1.662550943000000E+00   1.944528509700000E+00   1.999362736400000E-01   3.039697386300000E+01   2.000000000000000E+00
   5.898244809800000E-01   5.466829512500000E-02   1.661250892500000E+00   1.942715965500000E+00   1.995606861900000E-01   3.042258594200000E+01   2.000000000000000E+00
   5.858888250399999E-01   6.042031259700000E-02   1.659932931700000E+00   1.940872598600000E+00   1.991806012700000E-01   3.044754929700000E+01   2.000000000000000E+00
   5.819107097000000E-01   6.619295458200000E-02   1.658563704300000E+00   1.939010388500000E+00   1.988014545100000E-01   3.047184167000000E+01   2.000000000000000E+00
   5.778963138100000E-01   7.193317365100001E-02   1.657204062800000E+00   1.937118715400000E+00   1.984150531600000E-01   3.049544762000000E+01   2.000000000000000E+00
   5.738513940600000E-01   7.765107019000000E-02   1.655824839800000E+00   1.935204906300000E+00   1.980257438500000E-01   3.051835795500000E+01   2.000000000000000E+00
   5.697812522900000E-01   8.334033600800000E-02   1.654428718400000E+00   1.933256925000000E+00   1.976415715800000E-01   3.054056905300000E+01   2.000000000000000E+00
   5.656907230400000E-01   8.899027029000001E-02   1.653011074800000E+00   1.931306742400000E+00   1.972498461200000E-01   3.056208214800000E+01   2.000000000000000E+00
   5.615841775300000E-01   9.461491371899999E-02   1.651579853200000E+00   1.929342701800000E+00   1.968564292000000E-01   3.058290259700000E+01   2.000000000000000E+00
   5.574655395300000E-01   1.001597816600000E-01   1.650120235400000E+00   1.927341225100000E+00   1.964658743200000E-01   3.060303918600000E+01   2.000000000000000E+00
   5.533383097900000E-01   1.056783852100000E-01   1.648666767200000E+00   1.925356687700000E+00   1.960724774700000E-01   3.062250348600000E+01   2.000000000000000E+00
   5.492055956800000E-01   1.111508746800000E-01   1.647209478500000E+00   1.923363554300000E+00   1.956782238000000E-01   3.064130926800000E+01   2.000000000000000E+00
   5.450701436299999E-01   1.165484802300000E-01   1.645741014500000E+00   1.921352121600000E+00   1.952796597400000E-01   3.065947199500000E+01   2.000000000000000E+00
   5.409343724900000E-01   1.218951212900000E-01   1.644267972700000E+00   1.919329635900000E+00   1.948878242400000E-01   3.067700837400000E+01   2.000000000000000E+00
   5.368004064700000E-01   1.271980282600000E-01   1.642790319400000E+00   1.917307031600000E+00   1.944961344400000E-01   3.069393599000000E+01   2.000000000000000E+00
   5.326701066900000E-01   1.324369994800000E-01   1.641314988100000E+00   1.915305095700000E+00   1.941043272900000E-01   3.071027298200000E+01   2.000000000000000E+00
   5.285451007600001E-01   1.376320587400000E-01   1.639828522200000E+00   1.913285680200000E+00   1.937122630000000E-01   3.072603779300000E+01   2.000000000000000E+00
   5.244268100400000E-01   1.427426223600000E-01   1.638338197400000E+00   1.911261409400000E+00   1.933201817900000E-01   3.074124895900000E+01   2.000000000000000E+00
   5.203164745400000E-01   1.478123063300000E-01   1.636845441300000E+00   1.909230192400000E+00   1.929293993500000E-01   3.075592493700000E+01   2.000000000000000E+00
   5.162151753300001E-01   1.528150492500000E-01   1.635345732600000E+00   1.907188084500000E+00   1.925389573100000E-01   3.077008398000000E+01   2.000000000000000E+00
   5.121238546300000E-01   1.577672415500000E-01   1.633841625800000E+00   1.905140232000000E+00   1.921486681900000E-01   3.078374402800000E+01   2.000000000000000E+00
   5.080433336600000E-01   1.626713192100000E-01   1.632332391300000E+00   1.903100421900000E+00   1.917601110600000E-01   3.079692263500000E+01   2.000000000000000E+00
   5.039743284900000E-01   1.675224288500000E-01   1.630818249700000E+00   1.901076707500000E+00   1.913708901600000E-01   3.080963691100000E+01   2.000000000000000E+00
   4.999174639900000E-01   1.723048580100000E-01   1.629308810700000E+00   1.899048000900000E+00   1.909831348500000E-01   3.082190348000000E+01   2.000000000000000E+00
   4.958732861200000E-01   1.770296503200000E-01   1.627817956100000E+00   1.896979612400000E+00   1.906018885100000E-01   3.083373845700000E+01   2.000000000000000E+00
   4.918422727200000E-01   1.817056685700000E-01   1.626311650700000E+00   1.894950539900000E+00   1.902169935400000E-01   3.084515742700000E+01   2.000000000000000E+00
   4.878248429800000E-01   1.863317881900000E-01   1.624799385800000E+00   1.892933384800000E+00   1.898323464400000E-01   3.085617544400000E+01   2.000000000000000E+00
   4.838213657300000E-01   1.909253204500000E-01   1.623279153600000E+00   1.890885617200000E+00   1.894516739100000E-01   3.086680702200000E+01   2.000000000000000E+00
   4.798321666900000E-01   1.954441336300000E-01   1.621781307200000E+00   1.888871926400000E+00   1.890702273200000E-01   3.087706614900000E+01   2.000000000000000E+00
   4.758575348000000E-01   1.999150782400000E-01   1.620276272200000E+00   1.886850991200000E+00   1.886890078400000E-01   3.088696628900000E+01   2.000000000000000E+00
   4.718977278100000E-01   2.043362984100000E-01   1.618767786400000E+00   1.884824711000000E+00   1.883106792700000E-01   3.089652039300000E+01   2.000000000000000E+00
   4.679529771400000E-01   2.087166719800000E-01   1.617257689400000E+00   1.882795740100000E+00   1.879313286500000E-01   3.090574092000000E+01   2.000000000000000E+00
   4.640234920800000E-01   2.130501942500000E-01   1.615738095300000E+00   1.880757428400000E+00   1.875521669200000E-01   3.091463984500000E+01   2.000000000000000E+00
   4.601094636000000E-01   2.173300699400000E-01   1.614236406300000E+00   1.878757077100000E+00   1.871795493800000E-01   3.092322867700000E+01   2.000000000000000E+00
   4.562110675600000E-01   2.215701480400000E-01   1.612742397700000E+00   1.876743746900000E+00   1.868032303200000E-01   3.093151848000000E+01   2.000000000000000E+00
   4.523284676200000E-01   2.257657418100000E-01   1.611237151800000E+00   1.874719601900000E+00   1.864273142000000E-01   3.093951988500000E+01   2.000000000000000E+00
   4.484618177300000E-01   2.299174998400000E-01   1.609714678300000E+00   1.872714176100000E+00   1.860580656700000E-01   3.094724311000000E+01   2.000000000000000E+00
   4.446112644000000E-01   2.340261965000000E-01   1.608233142600000E+00   1.870716935900000E+00   1.856848783600000E-01   3.095469797800000E+01   2.000000000000000E+00
   4.407769486000000E-01   2.380925089600000E-01   1.606738265300000E+00   1.868707221200000E+00   1.853121881900000E-01   3.096189393200000E+01   2.000000000000000E+00
   4.369590075000000E-01   2.421327315800000E-01   1.605224860000000E+00   1.866714366000000E+00   1.849429461400000E-01   3.096884005000000E+01   2.000000000000000E+00
   4.331575760200000E-01   2.461170260200000E-01   1.603745702700000E+00   1.864702127200000E+00   1.845754950500000E-01   3.097554506700000E+01   2.000000000000000E+00
   4.293727881500000E-01   2.500613485700000E-01   1.602250840100000E+00   1.862704834200000E+00   1.842093284800000E-01   3.098201738300000E+01   2.000000000000000E+00
   4.256047781700000E-01   2.539481629600000E-01   1.600763771000000E+00   1.860743137400000E+00   1.838423359600000E-01   3.098826508400000E+01   2.000000000000000E+00
   4.218536817200000E-01   2.578132285000000E-01   1.599265466000000E+00   1.858762220800000E+00   1.834748074200000E-01   3.099429595100000E+01   2.000000000000000E+00
   4.181196367200000E-01   2.616401504100000E-01   1.597778818700000E+00   1.856765005200000E+00   1.831102133100000E-01   3.100011747700000E+01   2.000000000000000E+00
   4.144027842400000E-01   2.654392021700000E-01   1.596295616500000E+00   1.854814267200000E+00   1.827462996700000E-01   3.100573688000000E+01   2.000000000000000E+00
   4.107032692600000E-01   2.691941707100000E-01   1.594826655400000E+00   1.852829852700000E+00   1.823852841400000E-01   3.101116111300000E+01   2.000000000000000E+00
   4.070212413500000E-01   2.729132938400000E-01   1.593337207400000E+00   1.850861314700000E+00   1.820241345700000E-01   3.101639687700000E+01   2.000000000000000E+00
   4.033568552900000E-01   2.765903689600000E-01   1.591857888400000E+00   1.848921923800000E+00   1.816601690200000E-01   3.102145063300000E+01   2.000000000000000E+00
   3.997102716400000E-01   2.802309407000000E-01   1.590403458100000E+00   1.846940918400000E+00   1.813022749200000E-01   3.102632861200000E+01   2.000000000000000E+00
   3.960816572100000E-01   2.838368302700000E-01   1.588926134200000E+00   1.845018523800000E+00   1.809441859700000E-01   3.103103682300000E+01   2.000000000000000E+00
   3.924711855700000E-01   2.874208812400000E-01   1.587457437000000E+00   1.843071514400000E+00   1.805840124500000E-01   3.103558106500000E+01   2.000000000000000E+00
   3.888790374600000E-01   2.909562684000000E-01   1.586010496900000E+00   1.841126123000000E+00   1.802267776300000E-01   3.103996693600000E+01   2.000000000000000E+00
   3.853054011800000E-01   2.944585981800000E-01   1.584538245900000E+00   1.839220665100000E+00   1.798722821600000E-01   3.104419983900000E+01   2.000000000000000E+00
   3.817504729200000E-01   2.979284769000000E-01   1.583093325500000E+00   1.837268622700000E+00   1.795143839600000E-01   3.104828499200000E+01   2.000000000000000E+00
   3.782144571600000E-01   3.013663660300000E-01   1.581648862500000E+00   1.835379256400000E+00   1.791619792800000E-01   3.105222743500000E+01   2.000000000000000E+00
   3.746975669600000E-01   3.047728533600000E-01   1.580186526300000E+00   1.833465980000000E+00   1.788096673900000E-01   3.105603203900000E+01   2.000000000000000E+00
   3.712000242400000E-01   3.081599814500000E-01   1.578764685100000E+00   1.831565151000000E+00   1.784559034300000E-01   3.105970350700000E+01   2.000000000000000E+00
   3.677220600900000E-01   3.114971169900000E-01   1.577314652800000E+00   1.829640075300000E+00   1.781031666100000E-01   3.106324638600000E+01   2.000000000000000E+00
   3.642639150400000E-01   3.148040441700000E-01   1.575893953000000E+00   1.827772180100000E+00   1.777544799900000E-01   3.106666507300000E+01   2.000000000000000E+00
   3.608258393000000E-01   3.180846440100000E-01   1.574463471200000E+00   1.825892043200000E+00   1.774036989600000E-01   3.106996381600000E+01   2.000000000000000E+00
   3.574080930800000E-01   3.213377760900000E-01   1.573040649500000E+00   1.823982169600000E+00   1.770564424900000E-01   3.107314672300000E+01   2.000000000000000E+00
   3.540109467500000E-01   3.245622178800000E-01   1.571628748400000E+00   1.822149720500000E+00   1.767087989500000E-01   3.107621776500000E+01   2.000000000000000E+00
   3.506346811300000E-01   3.277382530800000E-01   1.570205092900000E+00   1.820259927700000E+00   1.763620249200000E-01   3.107918078200000E+01   2.000000000000000E+00
   3.472795877700000E-01   3.309005735600000E-01   1.568813786300000E+00   1.818439834100000E+00   1.760151670100000E-01   3.108203948900000E+01   2.000000000000000E+00
   3.439459691200000E-01   3.340217268300000E-01   1.567391643700000E+00   1.816590049000000E+00   1.756684714200000E-01   3.108479747500000E+01   2.000000000000000E+00
   3.406341388600000E-01   3.371183143900000E-01   1.566019732300000E+00   1.814759886500000E+00   1.753244881200000E-01   3.108745821100000E+01   2.000000000000000E+00
   3.373444220900000E-01   3.401797137900000E-01   1.564608760500000E+00   1.812900416500000E+00   1.749836181800000E-01   3.109002505400000E+01   2.000000000000000E+00
   3.340771556200000E-01   3.432061066600000E-01   1.563249701900000E+00   1.811117668000000E+00   1.746422864300000E-01   3.109250124800000E+01   2.000000000000000E+00
   3.308326882700000E-01   3.462122851800000E-01   1.561852879900000E+00   1.809311786000000E+00   1.742995744000000E-01   3.109488992700000E+01   2.000000000000000E+00
   3.276113810600000E-01   3.491937105900000E-01   1.560505743300000E+00   1.807487269400000E+00   1.739610757300000E-01   3.109719412300000E+01   2.000000000000000E+00
   3.244136076300000E-01   3.521272334000000E-01   1.559122323700000E+00   1.805720208900000E+00   1.736220892500000E-01   3.109941676200000E+01   2.000000000000000E+00
   3.212397544700000E-01   3.550334314400000E-01   1.557789329200000E+00   1.803945822100000E+00   1.732834254400000E-01   3.110156067100000E+01   2.000000000000000E+00
   3.180902212800000E-01   3.579200029000000E-01   1.556422942000000E+00   1.802163987700000E+00   1.729473538700000E-01   3.110362858100000E+01   2.000000000000000E+00
   3.149654213200000E-01   3.607806392500000E-01   1.555102779100000E+00   1.800407752400000E+00   1.726107718800000E-01   3.110562312700000E+01   2.000000000000000E+00
   3.118657818300000E-01   3.635967682600000E-01   1.553749870600000E+00   1.798638921800000E+00   1.722761047100000E-01   3.110754685000000E+01   2.000000000000000E+00
   3.087917444100000E-01   3.663923512100000E-01   1.552447982700000E+00   1.796938392800000E+00   1.719428197400000E-01   3.110940220300000E+01   2.000000000000000E+00
   3.057437655100000E-01   3.691447571700000E-01   1.551112911100000E+00   1.795201283600000E+00   1.716090025400000E-01   3.111119155000000E+01   2.000000000000000E+00
   3.027223168800000E-01   3.718715025800000E-01   1.549826412300000E+00   1.793469274100000E+00   1.712780498600000E-01   3.111291716700000E+01   2.000000000000000E+00
   2.997278861700000E-01   3.745714568800000E-01   1.548506311200000E+00   1.791804132000000E+00   1.709480515400000E-01   3.111458124900000E+01   2.000000000000000E+00
   2.967609774700000E-01   3.772456560000000E-01   1.547240667700000E+00   1.790100992700000E+00   1.706174980000000E-01   3.111618590400000E+01   2.000000000000000E+00
   2.938221119900000E-01   3.798764235100000E-01   1.545941974000000E+00   1.788411103800000E+00   1.702901380700000E-01   3.111773316400000E+01   2.000000000000000E+00
   2.909118288000000E-01   3.824841747300000E-01   1.544692587000000E+00   1.786781417300000E+00   1.699610861900000E-01   3.111922497800000E+01   2.000000000000000E+00
   2.880306855400000E-01   3.850659767800000E-01   1.543421419800000E+00   1.785123806800000E+00   1.696370582900000E-01   3.112066322100000E+01   2.000000000000000E+00
   2.851792593700000E-01   3.876013105800000E-01   1.542184824100000E+00   1.783501444400000E+00   1.693109698000000E-01   3.112204968900000E+01   2.000000000000000E+00
   2.823581478600000E-01   3.901198299000000E-01   1.540939297000000E+00   1.781859584400000E+00   1.689886120800000E-01   3.112338610700000E+01   2.000000000000000E+00
   2.795679700700000E-01   3.925942868000000E-01   1.539716262400000E+00   1.780282518100000E+00   1.686668650700000E-01   3.112467412600000E+01   2.000000000000000E+00
   2.768093677000000E-01   3.950364724200000E-01   1.538493898700000E+00   1.778691085200000E+00   1.683457635400000E-01   3.112591532800000E+01   2.000000000000000E+00
   2.740830063300000E-01   3.974548329200000E-01   1.537300280400000E+00   1.777095973100000E+00   1.680248072500000E-01   3.112711122300000E+01   2.000000000000000E+00
   2.713895768000000E-01   3.998224017800000E-01   1.536105825700000E+00   1.775566017600000E+00   1.677060603300000E-01   3.112826325700000E+01   2.000000000000000E+00
   2.687297967600000E-01   4.021695960100000E-01   1.534931861500000E+00   1.774024007500000E+00   1.673886221900000E-01   3.112937280900000E+01   2.000000000000000E+00
   2.661044122500000E-01   4.044711508700000E-01   1.533762607900000E+00   1.772490119600000E+00   1.670736630500000E-01   3.113044119300000E+01   2.000000000000000E+00
   2.635141995500000E-01   4.067442989300000E-01   1.532607241000000E+00   1.770992661900000E+00   1.667580330700000E-01   3.113146966300000E+01   2.000000000000000E+00
   2.609599670600000E-01   4.089913207400000E-01   1.531465522200000E+00   1.769479942100000E+00   1.664451819900000E-01   3.113245941100000E+01   2.000000000000000E+00
   2.584425574100000E-01   4.111823667800000E-01   1.530350431100000E+00   1.768045564900000E+00   1.661322733900000E-01   3.113341157100000E+01   2.000000000000000E+00
   2.559628497200000E-01   4.133435035800000E-01   1.529236817600000E+00   1.766570142400000E+00   1.658206217100000E-01   3.113432722200000E+01   2.000000000000000E+00
   2.535217619700000E-01   4.154686202700000E-01   1.528150866500000E+00   1.765159865300000E+00   1.655107245400000E-01   3.113520738700000E+01   2.000000000000000E+00
   2.511202535500000E-01   4.175563798600000E-01   1.527048187000000E+00   1.763749795700000E+00   1.652033618800000E-01   3.113605303800000E+01   2.000000000000000E+00
   2.487593279200000E-01   4.196124557400000E-01   1.526010406100000E+00   1.762368147600000E+00   1.648966050800000E-01   3.113686509600000E+01   2.000000000000000E+00
   2.464400354400000E-01   4.216078840700000E-01   1.524944825400000E+00   1.761007998600000E+00   1.645890206600000E-01   3.113764443400000E+01   2.000000000000000E+00
   2.441634762200000E-01   4.235793542800000E-01   1.523936045500000E+00   1.759634212300000E+00   1.642862827700000E-01   3.113839188200000E+01   2.000000000000000E+00
   2.419308031400000E-01   4.255046856800000E-01   1.522920170100000E+00   1.758344477200000E+00   1.639829273000000E-01   3.113910822300000E+01   2.000000000000000E+00
   2.397432247500000E-01   4.273806332500000E-01   1.521927622300000E+00   1.757043031100000E+00   1.636814254100000E-01   3.113979420300000E+01   2.000000000000000E+00
   2.376020082700000E-01   4.292098970100000E-01   1.520958817800000E+00   1.755767708400000E+00   1.633797662600000E-01   3.114045052900000E+01   2.000000000000000E+00
   2.355084824100000E-01   4.310021350000000E-01   1.519997252700000E+00   1.754522920500000E+00   1.630809817200000E-01   3.114107787100000E+01   2.000000000000000E+00
   2.334640400200000E-01   4.327436876300000E-01   1.519062941800000E+00   1.753294340700000E+00   1.627822131000000E-01   3.114167687000000E+01   2.000000000000000E+00
   2.314701404600000E-01   4.344479732400000E-01   1.518163931900000E+00   1.752116187800000E+00   1.624864521400000E-01   3.114224813300000E+01   2.000000000000000E+00
   2.295283115200000E-01   4.360895241000000E-01   1.517273098000000E+00   1.750929867300000E+00   1.621911300500000E-01   3.114279224100000E+01   2.000000000000000E+00
   2.276401508800000E-01   4.376863237200000E-01   1.516400808900000E+00   1.749783788900000E+00   1.618968798700000E-01   3.114330975300000E+01   2.000000000000000E+00
   2.258073267600000E-01   4.392233186300000E-01   1.515568232300000E+00   1.748709511400000E+00   1.616037084400000E-01   3.114380120300000E+01   2.000000000000000E+00
   2.240315777800000E-01   4.407159754300000E-01   1.514723711700000E+00   1.747612150300000E+00   1.613111047900000E-01   3.114426710700000E+01   2.000000000000000E+00
   2.223147117400000E-01   4.421496666500000E-01   1.513955573900000E+00   1.746579069100000E+00   1.610211178900000E-01   3.114470796100000E+01   2.000000000000000E+00
   2.206586031400000E-01   4.435341880900000E-01   1.513161589800000E+00   1.745569035600000E+00   1.607320652000000E-01   3.114512425100000E+01   2.000000000000000E+00
   2.190651892200000E-01   4.448631616300000E-01   1.512446391600000E+00   1.744594400900000E+00   1.604420950700000E-01   3.114551644600000E+01   2.000000000000000E+00
   2.175364644600000E-01   4.461252973400000E-01   1.511732329300000E+00   1.743656859400000E+00   1.601560556300000E-01   3.114588500500000E+01   2.000000000000000E+00
   2.160744731800000E-01   4.473238719500000E-01   1.511034364500000E+00   1.742720860800000E+00   1.598699444700000E-01   3.114623037700000E+01   2.000000000000000E+00
   2.146813002400000E-01   4.484598191400000E-01   1.510387688100000E+00   1.741876813200000E+00   1.595855839700000E-01   3.114655300300000E+01   2.000000000000000E+00
   2.133590596600000E-01   4.495397070100000E-01   1.509765113800000E+00   1.741033492700000E+00   1.593016890200000E-01   3.114685331400000E+01   2.000000000000000E+00
   2.121098812500000E-01   4.505634504000000E-01   1.509144761200000E+00   1.740248410900000E+00   1.590180080800000E-01   3.114713173300000E+01   2.000000000000000E+00
   2.109358950600000E-01   4.515027769400000E-01   1.508606824700000E+00   1.739474531000000E+00   1.587364775000000E-01   3.114738867400000E+01   2.000000000000000E+00
   2.098392139800000E-01   4.523897457800000E-01   1.508052362700000E+00   1.738764628200000E+00   1.584550341100000E-01   3.114762454100000E+01   2.000000000000000E+00
   2.088219146500000E-01   4.531928778100000E-01   1.507578435100000E+00   1.738105453400000E+00   1.581761989100000E-01   3.114783972700000E+01   2.000000000000000E+00
   2.078860168400000E-01   4.539357116300000E-01   1.507089831000000E+00   1.737475771300000E+00   1.578961299100000E-01   3.114803461000000E+01   2.000000000000000E+00
   2.070334618700000E-01   4.546182577400000E-01   1.506668949600000E+00   1.736893948900000E+00   1.576191712500000E-01   3.114820955100000E+01   2.000000000000000E+00
   2.062660904000000E-01   4.552135218200000E-01   1.506290029100000E+00   1.736341339700000E+00   1.573406046900000E-01   3.114836489300000E+01   2.000000000000000E+00
   2.055856201700000E-01   4.557465145800000E-01   1.505917728700000E+00   1.735844964500000E+00   1.570660524800000E-01   3.114850095600000E+01   2.000000000000000E+00
   2.054808018000000E-01   4.558339855300000E-01   1.505875912500000E+00   1.735776637000000E+00   1.570201314800000E-01   3.114852177300000E+01   2.000000000000000E+00
   2.048067988400000E-01   4.563535102900000E-01   1.505477620200000E+00   1.735222968500000E+00   1.566929642400000E-01   3.114865472800000E+01   1.000000000000000E+00
   2.042594373200000E-01   4.567852574600000E-01   1.505182812000000E+00   1.734794770800000E+00   1.563696773200000E-01   3.114876154500000E+01   1.000000000000000E+00
   2.038408843400000E-01   4.571090294000000E-01   1.504893580200000E+00   1.734382369000000E+00   1.560447340100000E-01   3.114884252400000E+01   1.000000000000000E+00
   2.035526168900000E-01   4.573471760600000E-01   1.504692567000000E+00   1.734066966500000E+00   1.557240432900000E-01   3.114889794100000E+01   1.000000000000000E+00
   2.033956679700000E-01   4.574807921100000E-01   1.504512286200000E+00   1.733770135600000E+00   1.554020649900000E-01   3.114892799200000E+01   1.000000000000000E+00
   2.033706056100000E-01   4.575034885300000E-01   1.504458197600000E+00   1.733690623700000E+00   1.552804836200000E-01   3.114893278200000E+01   1.000000000000000E+00
   2.034775211600000E-01   4.574023544100000E-01   1.504623862400000E+00   1.733959233900000E+00   1.556018885900000E-01   3.114891233000000E+01   1.000000000000000E+00
   2.037160274600000E-01   4.572162738700000E-01   1.504803683000000E+00   1.734237605300000E+00   1.559232385900000E-01   3.114886656200000E+01   1.000000000000000E+00
   2.040852667600000E-01   4.569182041500000E-01   1.505074596000000E+00   1.734612855000000E+00   1.562458325300000E-01   3.114879531600000E+01   1.000000000000000E+00
   2.045839283300000E-01   4.565285379600000E-01   1.505359161000000E+00   1.735069089200000E+00   1.565706953200000E-01   3.114869834600000E+01   1.000000000000000E+00
   2.052102749800000E-01   4.560510035400000E-01   1.505726260200000E+00   1.735556851700000E+00   1.568959560000000E-01   3.114857532600000E+01   1.000000000000000E+00
   2.054808020400000E-01   4.558274428900000E-01   1.505875874600000E+00   1.735763979100000E+00   1.570199373500000E-01   3.114852177300000E+01   1.000000000000000E+00
   2.062793703300000E-01   4.552077027900000E-01   1.506277371400000E+00   1.736358760800000E+00   1.573465523800000E-01   3.114836222200000E+01   2.000000000000000E+00
   2.072002712000000E-01   4.544849122600000E-01   1.506767835700000E+00   1.736994846900000E+00   1.576757185200000E-01   3.114817551700000E+01   2.000000000000000E+00
   2.082403422100000E-01   4.536624482200000E-01   1.507275433000000E+00   1.737698382800000E+00   1.580046287200000E-01   3.114796117700000E+01   2.000000000000000E+00
   2.093964640500000E-01   4.527333058400000E-01   1.507855174000000E+00   1.738491466300000E+00   1.583368117100000E-01   3.114771862300000E+01   2.000000000000000E+00
   2.106653358200000E-01   4.517202046000000E-01   1.508475268200000E+00   1.739296304800000E+00   1.586680622200000E-01   3.114744723800000E+01   2.000000000000000E+00
   2.120435262600000E-01   4.506176990200000E-01   1.509131102300000E+00   1.740199737300000E+00   1.590032937100000E-01   3.114714637800000E+01   2.000000000000000E+00
   2.135275227600000E-01   4.494018821000000E-01   1.509844994500000E+00   1.741142294700000E+00   1.593374213500000E-01   3.114681537200000E+01   2.000000000000000E+00
   2.151137767700000E-01   4.481080556100000E-01   1.510580973100000E+00   1.742141040200000E+00   1.596755245400000E-01   3.114645353100000E+01   2.000000000000000E+00
   2.167987443000000E-01   4.467238543800000E-01   1.511376549300000E+00   1.743199431100000E+00   1.600138690300000E-01   3.114606014900000E+01   2.000000000000000E+00
   2.185789211800000E-01   4.452577205300000E-01   1.512219797500000E+00   1.744265535700000E+00   1.603519833200000E-01   3.114563450000000E+01   2.000000000000000E+00
   2.204508725400000E-01   4.437128319300000E-01   1.513080985400000E+00   1.745450894400000E+00   1.606951652500000E-01   3.114517584500000E+01   2.000000000000000E+00
   2.224112565200000E-01   4.420806759100000E-01   1.513989980700000E+00   1.746646662800000E+00   1.610366640700000E-01   3.114468342100000E+01   2.000000000000000E+00
   2.244568425300000E-01   4.403598633300000E-01   1.514933715700000E+00   1.747866358800000E+00   1.613828624800000E-01   3.114415644900000E+01   2.000000000000000E+00
   2.265845244400000E-01   4.385696743700000E-01   1.515925850800000E+00   1.749179796900000E+00   1.617281980300000E-01   3.114359411800000E+01   2.000000000000000E+00
   2.287913292300000E-01   4.367097730100000E-01   1.516926508900000E+00   1.750506720000000E+00   1.620771433100000E-01   3.114299559100000E+01   2.000000000000000E+00
   2.310744217900000E-01   4.347855818900000E-01   1.517976521400000E+00   1.751865920100000E+00   1.624260738500000E-01   3.114235999300000E+01   2.000000000000000E+00
   2.334311064300000E-01   4.327714550400000E-01   1.519063293400000E+00   1.753284375500000E+00   1.627786626500000E-01   3.114168640900000E+01   2.000000000000000E+00
   2.358588258300000E-01   4.307021620700000E-01   1.520167967700000E+00   1.754713605600000E+00   1.631316554400000E-01   3.114097387400000E+01   2.000000000000000E+00
   2.383551579100000E-01   4.285794914200000E-01   1.521287017000000E+00   1.756224773500000E+00   1.634868057100000E-01   3.114022137200000E+01   2.000000000000000E+00
   2.409178111900000E-01   4.263680882900000E-01   1.522462001600000E+00   1.757708501700000E+00   1.638432341300000E-01   3.113942782400000E+01   2.000000000000000E+00
   2.435446190400000E-01   4.241058984100000E-01   1.523639961400000E+00   1.759291114200000E+00   1.642027821000000E-01   3.113859208800000E+01   2.000000000000000E+00
   2.462335332900000E-01   4.217913382200000E-01   1.524870877100000E+00   1.760879511800000E+00   1.645627412100000E-01   3.113771294700000E+01   2.000000000000000E+00
   2.489826173800000E-01   4.194154327800000E-01   1.526108437300000E+00   1.762488773300000E+00   1.649253415600000E-01   3.113678910600000E+01   2.000000000000000E+00
   2.517900394400000E-01   4.169810223300000E-01   1.527370811100000E+00   1.764132450500000E+00   1.652902178600000E-01   3.113581918700000E+01   2.000000000000000E+00
   2.546540653100000E-01   4.144833512600000E-01   1.528658176200000E+00   1.765829967900000E+00   1.656548694700000E-01   3.113480171900000E+01   2.000000000000000E+00
   2.575730518700000E-01   4.119425054300000E-01   1.529951428200000E+00   1.767510398900000E+00   1.660239776900000E-01   3.113373513800000E+01   2.000000000000000E+00
   2.605454405200000E-01   4.093431457300000E-01   1.531277926500000E+00   1.769266694700000E+00   1.663938417700000E-01   3.113261777800000E+01   2.000000000000000E+00
   2.635697511500000E-01   4.066969203600000E-01   1.532634170700000E+00   1.771019378900000E+00   1.667650228500000E-01   3.113144786900000E+01   2.000000000000000E+00
   2.666445764300000E-01   4.040101318900000E-01   1.534008924800000E+00   1.772809570100000E+00   1.671378614700000E-01   3.113022352800000E+01   2.000000000000000E+00
   2.697685765100000E-01   4.012603378100000E-01   1.535394984800000E+00   1.774626132600000E+00   1.675137356700000E-01   3.112894275800000E+01   2.000000000000000E+00
   2.729404742100000E-01   3.984547395600000E-01   1.536789308500000E+00   1.776438103000000E+00   1.678907362700000E-01   3.112760344200000E+01   2.000000000000000E+00
   2.761590505800000E-01   3.956065223100000E-01   1.538208331100000E+00   1.778318930200000E+00   1.682679824300000E-01   3.112620333900000E+01   2.000000000000000E+00
   2.794231408600000E-01   3.927158247700000E-01   1.539652998300000E+00   1.780184405300000E+00   1.686494168900000E-01   3.112474008200000E+01   2.000000000000000E+00
   2.827316309100000E-01   3.897781800300000E-01   1.541095231900000E+00   1.782094644300000E+00   1.690321079600000E-01   3.112321116800000E+01   2.000000000000000E+00
   2.860834538600000E-01   3.868032740700000E-01   1.542581359200000E+00   1.784006715900000E+00   1.694139436500000E-01   3.112161396200000E+01   2.000000000000000E+00
   2.894775872100000E-01   3.837645265900000E-01   1.544057045100000E+00   1.785959706700000E+00   1.697991995000000E-01   3.111994568600000E+01   2.000000000000000E+00
   2.929130502000000E-01   3.806937845300000E-01   1.545556039300000E+00   1.787909508000000E+00   1.701883987700000E-01   3.111820342000000E+01   2.000000000000000E+00
   2.963889014500000E-01   3.775864680900000E-01   1.547079099100000E+00   1.789902464100000E+00   1.705767957100000E-01   3.111638409700000E+01   2.000000000000000E+00
   2.999042368300000E-01   3.744199417800000E-01   1.548600795000000E+00   1.791900200300000E+00   1.709672331800000E-01   3.111448449700000E+01   2.000000000000000E+00
   3.034581875900000E-01   3.712157904000000E-01   1.550143257700000E+00   1.793903911800000E+00   1.713572752400000E-01   3.111250124500000E+01   2.000000000000000E+00
   3.070499187100000E-01   3.679599503100000E-01   1.551673794700000E+00   1.795952186600000E+00   1.717527703400000E-01   3.111043080700000E+01   2.000000000000000E+00
   3.106786273600000E-01   3.646743793300000E-01   1.553246936300000E+00   1.798004190200000E+00   1.721478150100000E-01   3.110826948400000E+01   2.000000000000000E+00
   3.143435415700000E-01   3.613453493300000E-01   1.554830970200000E+00   1.800047462600000E+00   1.725438948300000E-01   3.110601341100000E+01   2.000000000000000E+00
   3.180439190100000E-01   3.579601528300000E-01   1.556420264100000E+00   1.802147532800000E+00   1.729400690300000E-01   3.110365854800000E+01   2.000000000000000E+00
   3.217790459000000E-01   3.545392935300000E-01   1.558003277100000E+00   1.804245233500000E+00   1.733404495000000E-01   3.110120067800000E+01   2.000000000000000E+00
   3.255482360300000E-01   3.510837359400000E-01   1.559627584800000E+00   1.806336201400000E+00   1.737414473300000E-01   3.109863540400000E+01   2.000000000000000E+00
   3.293508298300000E-01   3.475877569200000E-01   1.561229983100000E+00   1.808484836600000E+00   1.741450365400000E-01   3.109595813600000E+01   2.000000000000000E+00
   3.331861935900000E-01   3.440412142200000E-01   1.562872266900000E+00   1.810604911100000E+00   1.745459628100000E-01   3.109316409500000E+01   2.000000000000000E+00
   3.370537186500000E-01   3.404467007800000E-01   1.564489521100000E+00   1.812774615800000E+00   1.749534491600000E-01   3.109024829800000E+01   2.000000000000000E+00
   3.409528207200000E-01   3.368095894100000E-01   1.566152868100000E+00   1.814899944500000E+00   1.753603299300000E-01   3.108720555700000E+01   2.000000000000000E+00
   3.448829391800000E-01   3.331478293000000E-01   1.567785569000000E+00   1.817102932800000E+00   1.757682705800000E-01   3.108403047100000E+01   2.000000000000000E+00
   3.488435365100000E-01   3.294227542900000E-01   1.569469805100000E+00   1.819303691200000E+00   1.761761208800000E-01   3.108071741600000E+01   2.000000000000000E+00
   3.528340975800000E-01   3.256584761100000E-01   1.571122697300000E+00   1.821466322000000E+00   1.765863902300000E-01   3.107726054000000E+01   2.000000000000000E+00
   3.568541291600000E-01   3.218664516500000E-01   1.572792877500000E+00   1.823711767100000E+00   1.770000522500000E-01   3.107365375000000E+01   2.000000000000000E+00
   3.609031592800000E-01   3.180123626100000E-01   1.574502142200000E+00   1.825913392600000E+00   1.774122074100000E-01   3.106989070800000E+01   2.000000000000000E+00
   3.649807366800000E-01   3.141173890500000E-01   1.576172134600000E+00   1.828172082700000E+00   1.778255926500000E-01   3.106596481600000E+01   2.000000000000000E+00
   3.690864302200000E-01   3.101812084900000E-01   1.577871614300000E+00   1.830378855900000E+00   1.782430600000000E-01   3.106186920900000E+01   2.000000000000000E+00
   3.732198283100000E-01   3.062034566300000E-01   1.579597257000000E+00   1.832665698900000E+00   1.786609494600000E-01   3.105759674000000E+01   2.000000000000000E+00
   3.773805382900000E-01   3.021824105700000E-01   1.581287935600000E+00   1.834917553100000E+00   1.790783934200000E-01   3.105313997000000E+01   2.000000000000000E+00
   3.815681858200000E-01   2.981075265900000E-01   1.583019421000000E+00   1.837197095100000E+00   1.794961938200000E-01   3.104849115300000E+01   2.000000000000000E+00
   3.857824142200000E-01   2.939942210600000E-01   1.584743338600000E+00   1.839440992700000E+00   1.799194495200000E-01   3.104364222100000E+01   2.000000000000000E+00
   3.900228837700000E-01   2.898351294200000E-01   1.586466685900000E+00   1.841765200600000E+00   1.803428325000000E-01   3.103858477000000E+01   2.000000000000000E+00
   3.942892709500000E-01   2.856095427400000E-01   1.588199084400000E+00   1.844038494600000E+00   1.807656536300000E-01   3.103331004400000E+01   2.000000000000000E+00
   3.985812677000000E-01   2.813511632600000E-01   1.589946109800000E+00   1.846369046100000E+00   1.811916450900000E-01   3.102780891500000E+01   2.000000000000000E+00
   4.028985804600000E-01   2.770444209000000E-01   1.591671622100000E+00   1.848671080900000E+00   1.816173667200000E-01   3.102207186400000E+01   2.000000000000000E+00
   4.072409292500000E-01   2.726916922600000E-01   1.593437372800000E+00   1.850983403400000E+00   1.820457478600000E-01   3.101608896200000E+01   2.000000000000000E+00
   4.116080466100000E-01   2.682829262200000E-01   1.595175516000000E+00   1.853307623500000E+00   1.824738424600000E-01   3.100984984800000E+01   2.000000000000000E+00
   4.159996763900000E-01   2.638173662700000E-01   1.596940213300000E+00   1.855662464100000E+00   1.829017543900000E-01   3.100334370600000E+01   2.000000000000000E+00
   4.204155724400000E-01   2.592995896700000E-01   1.598699264700000E+00   1.858002930600000E+00   1.833361956300000E-01   3.099655923600000E+01   2.000000000000000E+00
   4.248554971600000E-01   2.547298576000000E-01   1.600452836900000E+00   1.860341333800000E+00   1.837670523400000E-01   3.098948463500000E+01   2.000000000000000E+00
   4.293192197100000E-01   2.501063146400000E-01   1.602233132700000E+00   1.862667681000000E+00   1.842029706000000E-01   3.098210756100000E+01   2.000000000000000E+00
   4.338065141800000E-01   2.454251919100000E-01   1.603997016400000E+00   1.865061078000000E+00   1.846395735400000E-01   3.097441511000000E+01   2.000000000000000E+00
   4.383171573300000E-01   2.406906454800000E-01   1.605758653200000E+00   1.867403454900000E+00   1.850778597300000E-01   3.096639377900000E+01   2.000000000000000E+00
   4.428509261300000E-01   2.358987317300000E-01   1.607549529300000E+00   1.869775251900000E+00   1.855161882100000E-01   3.095802943500000E+01   2.000000000000000E+00
   4.474075948200000E-01   2.310486500700000E-01   1.609325675300000E+00   1.872169312200000E+00   1.859544587200000E-01   3.094930728100000E+01   2.000000000000000E+00
   4.519869316300000E-01   2.261367148700000E-01   1.611104213700000E+00   1.874525002900000E+00   1.863956149200000E-01   3.094021181800000E+01   2.000000000000000E+00
   4.565886948400000E-01   2.211631070300000E-01   1.612865979400000E+00   1.876920035700000E+00   1.868407508000000E-01   3.093072680500000E+01   2.000000000000000E+00
   4.612126284100000E-01   2.161273838600000E-01   1.614650516000000E+00   1.879326645000000E+00   1.872857282500000E-01   3.092083522600000E+01   2.000000000000000E+00
   4.658584567200000E-01   2.110298287700000E-01   1.616452514900000E+00   1.881701313400000E+00   1.877301869900000E-01   3.091051924100000E+01   2.000000000000000E+00
   4.705258785300000E-01   2.058678767400000E-01   1.618244252600000E+00   1.884088009300000E+00   1.881758526800000E-01   3.089976015200000E+01   2.000000000000000E+00
   4.752145599400000E-01   2.006410698400000E-01   1.620010775100000E+00   1.886518186700000E+00   1.886277823000000E-01   3.088853836300000E+01   2.000000000000000E+00
   4.799241261500000E-01   1.953356140000000E-01   1.621811534300000E+00   1.888904294200000E+00   1.890791952500000E-01   3.087683333500000E+01   2.000000000000000E+00
   4.846541518500000E-01   1.899612896300000E-01   1.623607827000000E+00   1.891302129300000E+00   1.895309264700000E-01   3.086462355600000E+01   2.000000000000000E+00
   4.894041499200000E-01   1.845184907400000E-01   1.625390237900000E+00   1.893742333800000E+00   1.899847829000000E-01   3.085188650400000E+01   2.000000000000000E+00
   4.941735582500000E-01   1.790027652900000E-01   1.627184392500000E+00   1.896155500700000E+00   1.904390491600000E-01   3.083859862200000E+01   2.000000000000000E+00
   4.989617242800000E-01   1.734162936900000E-01   1.628970428700000E+00   1.898560151200000E+00   1.908936579400000E-01   3.082473530200000E+01   2.000000000000000E+00
   5.037678868700000E-01   1.677502600400000E-01   1.630757502100000E+00   1.900969937600000E+00   1.913510639700000E-01   3.081027087800000E+01   2.000000000000000E+00
   5.085911551500000E-01   1.620106002500000E-01   1.632541774600000E+00   1.903366101300000E+00   1.918099771000000E-01   3.079517863700000E+01   2.000000000000000E+00
   5.134304837100000E-01   1.561995215500000E-01   1.634319915900000E+00   1.905780537600000E+00   1.922728047100000E-01   3.077943085600000E+01   2.000000000000000E+00
   5.182846437100000E-01   1.503099445800000E-01   1.636086329400000E+00   1.908215421400000E+00   1.927354567300000E-01   3.076299886300000E+01   2.000000000000000E+00
   5.231521892400000E-01   1.443209910700000E-01   1.637868905200000E+00   1.910634232400000E+00   1.931991973100000E-01   3.074585314100000E+01   2.000000000000000E+00
   5.280314184400000E-01   1.382545714100000E-01   1.639644311200000E+00   1.913045169400000E+00   1.936630396400000E-01   3.072796348200000E+01   2.000000000000000E+00
   5.329203286400001E-01   1.321236777300000E-01   1.641399398000000E+00   1.915406046600000E+00   1.941249971600000E-01   3.070929919500000E+01   2.000000000000000E+00
   5.378165651400000E-01   1.258945107500000E-01   1.643161842200000E+00   1.917817834400000E+00   1.945929526200000E-01   3.068982940600000E+01   2.000000000000000E+00
   5.427173633000000E-01   1.196015390400000E-01   1.644915106200000E+00   1.920218795000000E+00   1.950605730900000E-01   3.066952344500000E+01   2.000000000000000E+00
   5.476194838900000E-01   1.132191059800000E-01   1.646655163400000E+00   1.922581542500000E+00   1.955227961700000E-01   3.064835135100000E+01   2.000000000000000E+00
   5.525191423600000E-01   1.067761421800000E-01   1.648386142500000E+00   1.924952573200000E+00   1.959919624300000E-01   3.062628452000000E+01   2.000000000000000E+00
   5.574119332900001E-01   1.002314563900000E-01   1.650103110400000E+00   1.927317237200000E+00   1.964599704300000E-01   3.060329650900000E+01   2.000000000000000E+00
   5.622927525300000E-01   9.363547534900001E-02   1.651815254100000E+00   1.929695087200000E+00   1.969258424900000E-01   3.057936402500000E+01   2.000000000000000E+00
   5.671557211400000E-01   8.698647562300001E-02   1.653498391300000E+00   1.932019631400000E+00   1.973888914800000E-01   3.055446810500000E+01   2.000000000000000E+00
   5.719941170200000E-01   8.025235017200000E-02   1.655174412100000E+00   1.934322714200000E+00   1.978494536000000E-01   3.052859548500000E+01   2.000000000000000E+00
   5.768003226400000E-01   7.350401709100000E-02   1.656822574800000E+00   1.936599959000000E+00   1.983132168300000E-01   3.050174014800000E+01   2.000000000000000E+00
   5.815657994400000E-01   6.667952089500000E-02   1.658461587600000E+00   1.938846727100000E+00   1.987690592300000E-01   3.047390498300000E+01   2.000000000000000E+00
   5.862811016900000E-01   5.986527708600000E-02   1.660068858700000E+00   1.941058388900000E+00   1.992203000900000E-01   3.044510348900000E+01   2.000000000000000E+00
   5.909359436100000E-01   5.300992845100000E-02   1.661615003500000E+00   1.943226574200000E+00   1.996661424700000E-01   3.041536137900000E+01   2.000000000000000E+00
   5.955193323600000E-01   4.617259743200000E-02   1.663166386600000E+00   1.945363561000000E+00   2.001096398100000E-01   3.038471791000000E+01   2.000000000000000E+00
   6.000197759400000E-01   3.936707943400000E-02   1.664671843800000E+00   1.947450223100000E+00   2.005455819000000E-01   3.035322674700000E+01   2.000000000000000E+00
   6.044255676000000E-01   3.258159331700000E-02   1.666110948500000E+00   1.949451572700000E+00   2.009737263500000E-01   3.032095613700000E+01   2.000000000000000E+00
   6.087251376000000E-01   2.588713190700000E-02   1.667538256100000E+00   1.951434380800000E+00   2.013909342600000E-01   3.028798823300000E+01   2.000000000000000E+00
   6.129074508600000E-01   1.925306311900000E-02   1.668899508900000E+00   1.953349796600000E+00   2.017976172400000E-01   3.025441746300000E+01   2.000000000000000E+00
   6.169624174200000E-01   1.272775129800000E-02   1.670204859800000E+00   1.955164207400000E+00   2.021931202000000E-01   3.022034799300000E+01   2.000000000000000E+00
   6.208812754300000E-01   6.348892759200000E-03   1.671465973700000E+00   1.956908134300000E+00   2.025762533600000E-01   3.018589042700000E+01   2.000000000000000E+00
   6.246569059400000E-01   7.818194032800000E-05   1.672682177400000E+00   1.958624645600000E+00   2.029465201100000E-01   3.015115806500000E+01   2.000000000000000E+00
   6.282840471800000E-01  -6.022817354200000E-03   1.673826665100000E+00   1.960248689500000E+00   2.033051160900000E-01   3.011626307700000E+01   2.000000000000000E+00
   6.317593900500000E-01  -1.194938580000000E-02   1.674924891100000E+00   1.961765623900000E+00   2.036491630700000E-01   3.008131296100000E+01   2.000000000000000E+00
   6.350815541700000E-01  -1.767833436000000E-02   1.675941335000000E+00   1.963241855400000E+00   2.039792582100000E-01   3.004640761100000E+01   2.000000000000000E+00
   6.382509595400000E-01  -2.323558445400000E-02   1.676932062200000E+00   1.964658314000000E+00   2.042948001700000E-01   3.001163716100000E+01   2.000000000000000E+00
   6.412696196100000E-01  -2.861854019300000E-02   1.677879924100000E+00   1.965963945500000E+00   2.045972859500000E-01   2.997708068200000E+01   2.000000000000000E+00
   6.441408863700000E-01  -3.379369046200000E-02   1.678745167900000E+00   1.967187001500000E+00   2.048862625800000E-01   2.994280567400000E+01   2.000000000000000E+00
   6.468691764500000E-01  -3.876999171800000E-02   1.679578830600000E+00   1.968381065000000E+00   2.051579926000000E-01   2.990886822300000E+01   2.000000000000000E+00
   6.494597022000000E-01  -4.353960221500000E-02   1.680368601400000E+00   1.969470486400000E+00   2.054211841900000E-01   2.987531364800000E+01   2.000000000000000E+00
   6.519182248600000E-01  -4.814095486300000E-02   1.681082530000000E+00   1.970489244600000E+00   2.056721619600000E-01   2.984217748700000E+01   2.000000000000000E+00
   6.542508396400000E-01  -5.255698059800000E-02   1.681797101600000E+00   1.971464858100000E+00   2.059138749400000E-01   2.980948664000000E+01   2.000000000000000E+00
   6.564637970500000E-01  -5.677635466800000E-02   1.682430153200000E+00   1.972415688900000E+00   2.061425835900000E-01   2.977726058700000E+01   2.000000000000000E+00
   6.585633603600000E-01  -6.083053110300000E-02   1.683066767900000E+00   1.973306148900000E+00   2.063609137700000E-01   2.974551256000000E+01   2.000000000000000E+00
   6.605556962400000E-01  -6.471736028900001E-02   1.683621784300000E+00   1.974135164700000E+00   2.065701605800000E-01   2.971425064900000E+01   2.000000000000000E+00
   6.624467946000000E-01  -6.844305099799999E-02   1.684190328900000E+00   1.974905037800000E+00   2.067693125200000E-01   2.968347878400000E+01   2.000000000000000E+00
   6.642424125300000E-01  -7.201984514000000E-02   1.684700402400000E+00   1.975619679000000E+00   2.069596941400000E-01   2.965319759400000E+01   2.000000000000000E+00
   6.659480379400000E-01  -7.543409685999999E-02   1.685186796400000E+00   1.976299002800000E+00   2.071420799700000E-01   2.962340514700000E+01   2.000000000000000E+00
   6.675688684800000E-01  -7.871407284000000E-02   1.685623643500000E+00   1.976918720600000E+00   2.073160869100000E-01   2.959409756500000E+01   2.000000000000000E+00
   6.691098021500000E-01  -8.183817074900000E-02   1.686074487200000E+00   1.977544746300000E+00   2.074827308500000E-01   2.956526953600000E+01   2.000000000000000E+00
   6.705754365800000E-01  -8.484209648000000E-02   1.686460439500000E+00   1.978110108200000E+00   2.076390524300000E-01   2.953691473500000E+01   2.000000000000000E+00
   6.719700744400000E-01  -8.774006625899999E-02   1.686857903400000E+00   1.978646974700000E+00   2.077932892600000E-01   2.950902616200000E+01   2.000000000000000E+00
   6.732977332200000E-01  -9.048478659100000E-02   1.687221016100000E+00   1.979175728700000E+00   2.079414211100000E-01   2.948159641600000E+01   2.000000000000000E+00
   6.745621577299999E-01  -9.313878644199999E-02   1.687544052400000E+00   1.979659923200000E+00   2.080817499100000E-01   2.945461790800000E+01   2.000000000000000E+00
   6.757668343700000E-01  -9.565149470400000E-02   1.687880753300000E+00   1.980091834800000E+00   2.082189391700000E-01   2.942808303600000E+01   2.000000000000000E+00
   6.769150061900000E-01  -9.808451429999999E-02   1.688176435100000E+00   1.980489420200000E+00   2.083510204400000E-01   2.940198431200000E+01   2.000000000000000E+00
   6.780096882800000E-01  -1.004010167400000E-01   1.688466022900000E+00   1.980914098100000E+00   2.084800647000000E-01   2.937631446600000E+01   2.000000000000000E+00
   6.790536829700000E-01  -1.026026081700000E-01   1.688725402800000E+00   1.981300950800000E+00   2.086023848600000E-01   2.935106652500000E+01   2.000000000000000E+00
   6.800495946200000E-01  -1.047296457700000E-01   1.688967741400000E+00   1.981656284100000E+00   2.087204093200000E-01   2.932623386800000E+01   2.000000000000000E+00
   6.809998436900000E-01  -1.067277355300000E-01   1.689201610700000E+00   1.981976204500000E+00   2.088276657000000E-01   2.930181027000000E+01   2.000000000000000E+00
   6.819066802300000E-01  -1.086808660500000E-01   1.689440740600000E+00   1.982267223100000E+00   2.089371587400000E-01   2.927778992700000E+01   2.000000000000000E+00
   6.827721963600000E-01  -1.105053607100000E-01   1.689646217700000E+00   1.982530328900000E+00   2.090450978900000E-01   2.925416748100000E+01   2.000000000000000E+00
   6.835983380600000E-01  -1.122583454600000E-01   1.689839539700000E+00   1.982832642100000E+00   2.091522829300000E-01   2.923093803100000E+01   2.000000000000000E+00
   6.843869160800000E-01  -1.139393523700000E-01   1.690004156300000E+00   1.983086174800000E+00   2.092533137100000E-01   2.920809713500000E+01   2.000000000000000E+00
   6.851396160000000E-01  -1.155032898600000E-01   1.690193903300000E+00   1.983314013700000E+00   2.093513203300000E-01   2.918564081700000E+01   2.000000000000000E+00
   6.858580076100000E-01  -1.170231347200000E-01   1.690335267900000E+00   1.983524541400000E+00   2.094468627500000E-01   2.916356555900000E+01   2.000000000000000E+00
   6.865435534600000E-01  -1.184445383700000E-01   1.690499867000000E+00   1.983709445300000E+00   2.095385993400000E-01   2.914186830400000E+01   2.000000000000000E+00
   6.871976167600000E-01  -1.197758825900000E-01   1.690635523300000E+00   1.983870674200000E+00   2.096278139600000E-01   2.912054644300000E+01   2.000000000000000E+00
   6.878214686400000E-01  -1.210522593000000E-01   1.690757641700000E+00   1.984058987000000E+00   2.097162077600000E-01   2.909959780800000E+01   2.000000000000000E+00
   6.884162948200000E-01  -1.222517207300000E-01   1.690855096200000E+00   1.984206931100000E+00   2.098011871500000E-01   2.907902066800000E+01   2.000000000000000E+00
   6.889832016900000E-01  -1.233506538300000E-01   1.690979527800000E+00   1.984332430000000E+00   2.098840866200000E-01   2.905881371400000E+01   2.000000000000000E+00
   6.894416129399999E-01  -1.242253714300000E-01   1.691062185400000E+00   1.984432857100000E+00   2.099488777600000E-01   2.904201288300000E+01   2.000000000000000E+00
   6.899596136000000E-01  -1.252272037800000E-01   1.691132983200000E+00   1.984540612100000E+00   2.100297848500000E-01   2.902248853400000E+01   3.000000000000000E+00
   6.904524955800000E-01  -1.261369542200000E-01   1.691219717800000E+00   1.984626765800000E+00   2.101089823400000E-01   2.900333145000000E+01   3.000000000000000E+00
   6.909210701100000E-01  -1.269696530300000E-01   1.691294255900000E+00   1.984652569500000E+00   2.101877128600000E-01   2.898454328700000E+01   3.000000000000000E+00
   6.913661307500000E-01  -1.277221836900000E-01   1.691353621500000E+00   1.984733333500000E+00   2.102637018300000E-01   2.896612464800000E+01   3.000000000000000E+00
   6.917884186900000E-01  -1.283878968200000E-01   1.691388140300000E+00   1.984797081100000E+00   2.103383535900000E-01   2.894807649700000E+01   3.000000000000000E+00
   6.921886261300000E-01  -1.290170897500000E-01   1.691421984800000E+00   1.984790644900000E+00   2.104106212200000E-01   2.893040015400000E+01   3.000000000000000E+00
   6.925673994600000E-01  -1.295491672800000E-01   1.691472355600000E+00   1.984832532400000E+00   2.104831992600000E-01   2.891309728200000E+01   3.000000000000000E+00
   6.929253421700000E-01  -1.300287624800000E-01   1.691500462800000E+00   1.984853337600000E+00   2.105548011700000E-01   2.889616987500000E+01   3.000000000000000E+00
   6.932630176100000E-01  -1.304125052000000E-01   1.691503920900000E+00   1.984855320600000E+00   2.106184732400000E-01   2.887962024900000E+01   3.000000000000000E+00
   6.935809515200000E-01  -1.307071483700000E-01   1.691519284300000E+00   1.984830268600000E+00   2.106874054400000E-01   2.886345103100000E+01   3.000000000000000E+00
   6.938796344300000E-01  -1.309642259500000E-01   1.691510729200000E+00   1.984784039900000E+00   2.107576633800000E-01   2.884766514800000E+01   3.000000000000000E+00
   6.941595239200000E-01  -1.311205147400000E-01   1.691499450500000E+00   1.984705721500000E+00   2.108290221600000E-01   2.883226581400000E+01   3.000000000000000E+00
   6.944210467800001E-01  -1.312140496200000E-01   1.691460793700000E+00   1.984633645400000E+00   2.108967817400000E-01   2.881725651800000E+01   3.000000000000000E+00
   6.946646011499999E-01  -1.312183473500000E-01   1.691439178000000E+00   1.984571164100000E+00   2.109643378100000E-01   2.880264101100000E+01   3.000000000000000E+00
   6.948905585000000E-01  -1.311131401600000E-01   1.691403276200000E+00   1.984477783400000E+00   2.110347985100000E-01   2.878842329100000E+01   3.000000000000000E+00
   6.950992657600000E-01  -1.309632749200000E-01   1.691335067800000E+00   1.984346657700000E+00   2.111039078500000E-01   2.877460758700000E+01   3.000000000000000E+00
   6.952910473100000E-01  -1.307206664300000E-01   1.691288338700000E+00   1.984205850800000E+00   2.111732066500000E-01   2.876119834300000E+01   3.000000000000000E+00
   6.954662071300000E-01  -1.303708578500000E-01   1.691224622400000E+00   1.984100028900000E+00   2.112454668700000E-01   2.874820019800000E+01   3.000000000000000E+00
   6.956250311000000E-01  -1.299290401800000E-01   1.691134789200000E+00   1.983926000800000E+00   2.113151789800000E-01   2.873561796000000E+01   3.000000000000000E+00
   6.957677893500001E-01  -1.294149338200000E-01   1.691030319700000E+00   1.983727598600000E+00   2.113855727800000E-01   2.872345658900000E+01   3.000000000000000E+00
   6.958947389400000E-01  -1.288058920400000E-01   1.690940924400000E+00   1.983544301000000E+00   2.114540051000000E-01   2.871172116000000E+01   3.000000000000000E+00
   6.960061267900000E-01  -1.280854067500000E-01   1.690808135600000E+00   1.983307671400000E+00   2.115268980900000E-01   2.870041683300000E+01   3.000000000000000E+00
   6.961021930700000E-01  -1.272584510700000E-01   1.690698938800000E+00   1.983057823900000E+00   2.116010471900000E-01   2.868954881500000E+01   3.000000000000000E+00
   6.961831750100000E-01  -1.263220405800000E-01   1.690564155900000E+00   1.982832782900000E+00   2.116762824800000E-01   2.867912231200000E+01   3.000000000000000E+00
   6.962493114200000E-01  -1.252716201600000E-01   1.690408032600000E+00   1.982535663900000E+00   2.117536627900000E-01   2.866914247600000E+01   3.000000000000000E+00
   6.963008479400000E-01  -1.241020923100000E-01   1.690226573200000E+00   1.982209040400000E+00   2.121069098900000E-01   2.865961434100000E+01   3.000000000000000E+00
   6.963380432500000E-01  -1.227991350000000E-01   1.690058333200000E+00   1.981908564900000E+00   2.125924038500000E-01   2.865054274600000E+01   3.000000000000000E+00
   6.963611764600000E-01  -1.213738218000000E-01   1.689862026200000E+00   1.981564551300000E+00   2.130397379600000E-01   2.864193224700000E+01   3.000000000000000E+00
   6.963705559100000E-01  -1.198096896800000E-01   1.689638807900000E+00   1.981186566300000E+00   2.134674489100000E-01   2.863378700800000E+01   3.000000000000000E+00
   6.963708112700000E-01  -1.194895137800000E-01   1.689602528800000E+00   1.981094600800000E+00   2.135475251900000E-01   2.863224919500000E+01   3.000000000000000E+00
   6.963642111700000E-01  -1.177573077400000E-01   1.689357200600000E+00   1.980659503800000E+00   2.139287010800000E-01   2.862466626100000E+01   2.000000000000000E+00
   6.963446906100000E-01  -1.158709047500000E-01   1.689089646200000E+00   1.980187633100000E+00   2.142904514500000E-01   2.861755425200000E+01   2.000000000000000E+00
   6.963127309900000E-01  -1.138097768200000E-01   1.688835563900000E+00   1.979749442700000E+00   2.146148746500000E-01   2.861091654100000E+01   2.000000000000000E+00
   6.962689009000000E-01  -1.115750294800000E-01   1.688532831600000E+00   1.979229145300000E+00   2.149038853200000E-01   2.860475395200000E+01   2.000000000000000E+00
   6.962138762600000E-01  -1.091773261400000E-01   1.688199120800000E+00   1.978664409700000E+00   2.151685888100000E-01   2.859906595400000E+01   2.000000000000000E+00
   6.961484630700000E-01  -1.065672817500000E-01   1.687853258400000E+00   1.978034343800000E+00   2.153926005600000E-01   2.859385037100000E+01   2.000000000000000E+00
   6.960736223800000E-01  -1.037841712000000E-01   1.687490469300000E+00   1.977398453700000E+00   2.155838916600000E-01   2.858910306400000E+01   2.000000000000000E+00
   6.959904966500000E-01  -1.007799783100000E-01   1.687092015500000E+00   1.976709200600000E+00   2.157461818200000E-01   2.858481758800000E+01   2.000000000000000E+00
   6.959004360300000E-01  -9.751913835999999E-02   1.686656147400000E+00   1.975936674300000E+00   2.158703251200000E-01   2.858098483600000E+01   2.000000000000000E+00
   6.958050220300001E-01  -9.406848344600000E-02   1.686181950500000E+00   1.975114369100000E+00   2.159551930100000E-01   2.857759270700000E+01   2.000000000000000E+00
   6.957060849500000E-01  -9.035638140799999E-02   1.685668165800000E+00   1.974255372000000E+00   2.160147981000000E-01   2.857462583300000E+01   2.000000000000000E+00
   6.956057103500000E-01  -8.638700886099999E-02   1.685123603400000E+00   1.973326294000000E+00   2.160348254700000E-01   2.857206542300000E+01   2.000000000000000E+00
   6.955062284200000E-01  -8.213203113799999E-02   1.684551665200000E+00   1.972324026100000E+00   2.160260915300000E-01   2.856988929400000E+01   2.000000000000000E+00

