   6.894416125100000E-01  -1.242450555400000E-01   1.691056073900000E+00   1.984437093500000E+00   2.099519688000000E-01   5.808402579800000E+01   3.000000000000000E+00
   6.870274267299999E-01  -1.307827438400000E-01   1.691092048600000E+00   1.984572062700000E+00   2.101096121400000E-01   5.814764785400000E+01   2.000000000000000E+00
   6.867119554400000E-01  -1.307578880700000E-01   1.691054483600000E+00   1.984534199400000E+00   2.101099772100000E-01   5.815585747900000E+01   2.000000000000000E+00
   6.863758185200000E-01  -1.306434156600000E-01   1.690989911500000E+00   1.984454322700000E+00   2.101024061700000E-01   5.816457826700000E+01   2.000000000000000E+00
   6.860162383500000E-01  -1.305003910100000E-01   1.690922781300000E+00   1.984336565100000E+00   2.100924572300000E-01   5.817387683500000E+01   2.000000000000000E+00
   6.856322502700000E-01  -1.303047765100000E-01   1.690852933000000E+00   1.984235976900000E+00   2.100905869000000E-01   5.818377182400000E+01   2.000000000000000E+00
   6.852227921600000E-01  -1.300150706800000E-01   1.690775930200000E+00   1.984128488200000E+00   2.100831010400000E-01   5.819428360200000E+01   2.000000000000000E+00
   6.847866940000000E-01  -1.296906981000000E-01   1.690666265400000E+00   1.983978340100000E+00   2.100756970200000E-01   5.820543442200000E+01   2.000000000000000E+00
   6.843226660600000E-01  -1.293024064400000E-01   1.690589415300000E+00   1.983872345700000E+00   2.100648111500000E-01   5.821724860900000E+01   2.000000000000000E+00
   6.838292854600000E-01  -1.288367239900000E-01   1.690467896500000E+00   1.983706526400000E+00   2.100503545200000E-01   5.822975277100000E+01   2.000000000000000E+00
   6.833049806400000E-01  -1.282976069600000E-01   1.690366189600000E+00   1.983555425400000E+00   2.100322714900000E-01   5.824297603300000E+01   2.000000000000000E+00
   6.827480134800000E-01  -1.276779694400000E-01   1.690227848500000E+00   1.983355382300000E+00   2.100104784200000E-01   5.825695031600000E+01   2.000000000000000E+00
   6.821564586500000E-01  -1.269786765700000E-01   1.690104944200000E+00   1.983167693800000E+00   2.099905997300000E-01   5.827171064700000E+01   2.000000000000000E+00
   6.815281798100000E-01  -1.261910263000000E-01   1.689945227800000E+00   1.982914369900000E+00   2.099671159000000E-01   5.828729552400000E+01   2.000000000000000E+00
   6.808608019300000E-01  -1.253134057500000E-01   1.689797337300000E+00   1.982717521800000E+00   2.099447409800000E-01   5.830374732400000E+01   2.000000000000000E+00
   6.801516791700000E-01  -1.243668806500000E-01   1.689625412600000E+00   1.982482683900000E+00   2.099176818700000E-01   5.832111278500000E+01   2.000000000000000E+00
   6.793978576700000E-01  -1.233123224800000E-01   1.689438345900000E+00   1.982194875900000E+00   2.101807017000000E-01   5.833944355100000E+01   2.000000000000000E+00
   6.785960321200000E-01  -1.221499086000000E-01   1.689234812200000E+00   1.981879152800000E+00   2.105081831400000E-01   5.835879680700000E+01   2.000000000000000E+00
   6.777424953700000E-01  -1.208709223800000E-01   1.689030393700000E+00   1.981582263200000E+00   2.108109721900000E-01   5.837923599500000E+01   2.000000000000000E+00
   6.768330798200000E-01  -1.194700566300000E-01   1.688776381000000E+00   1.981246013300000E+00   2.110814891400000E-01   5.840083165000000E+01   2.000000000000000E+00
   6.758630896200000E-01  -1.179402955400000E-01   1.688548736500000E+00   1.980905037200000E+00   2.113386353700000E-01   5.842366233100000E+01   2.000000000000000E+00
   6.748272224400000E-01  -1.162706323700000E-01   1.688265528800000E+00   1.980513521100000E+00   2.115600486500000E-01   5.844781568600000E+01   2.000000000000000E+00
   6.737194800800000E-01  -1.144520651500000E-01   1.687990255700000E+00   1.980084001100000E+00   2.117530480300000E-01   5.847338962000000E+01   2.000000000000000E+00
   6.725330677700000E-01  -1.124702409300000E-01   1.687667901600000E+00   1.979601261500000E+00   2.119094634000000E-01   5.850049356300000E+01   2.000000000000000E+00
   6.712602830500000E-01  -1.103086754500000E-01   1.687327941800000E+00   1.979115624100000E+00   2.120416294800000E-01   5.852924978600000E+01   2.000000000000000E+00
   6.698923975400000E-01  -1.079476343400000E-01   1.686944850200000E+00   1.978588704900000E+00   2.121276540100000E-01   5.855979466600000E+01   2.000000000000000E+00
   6.684195388500001E-01  -1.053692787100000E-01   1.686559864000000E+00   1.978001383700000E+00   2.121873830900000E-01   5.859227975100000E+01   2.000000000000000E+00
   6.668305862300000E-01  -1.025743844600000E-01   1.686121398400000E+00   1.977345068600000E+00   2.121958391100000E-01   5.862687230400000E+01   2.000000000000000E+00
   6.651131039200000E-01  -9.953373765200001E-02   1.685632754700000E+00   1.976662705500000E+00   2.121704491000000E-01   5.866375489700000E+01   2.000000000000000E+00
   6.632533518300000E-01  -9.620490484400000E-02   1.685110191400000E+00   1.975908388500000E+00   2.120897639000000E-01   5.870312329900000E+01   2.000000000000000E+00
   6.612364340600000E-01  -9.256258933900000E-02   1.684556849900000E+00   1.975057769200000E+00   2.119633476000000E-01   5.874518163700000E+01   2.000000000000000E+00
   6.590466715000000E-01  -8.861743887400000E-02   1.683935060100000E+00   1.974139066500000E+00   2.117922748300000E-01   5.879013342000000E+01   2.000000000000000E+00
   6.566683054700000E-01  -8.431587355100000E-02   1.683252115800000E+00   1.973137774700000E+00   2.115578483800000E-01   5.883816684800000E+01   2.000000000000000E+00
   6.540866369500000E-01  -7.963148285299999E-02   1.682491473200000E+00   1.972037592900000E+00   2.112710803100000E-01   5.888943314200000E+01   2.000000000000000E+00
   6.512896440800000E-01  -7.457881670900000E-02   1.681682290100000E+00   1.970855866400000E+00   2.109293718000000E-01   5.894401804000000E+01   2.000000000000000E+00
   6.482699604800000E-01  -6.914134768000001E-02   1.680799003200000E+00   1.969577220700000E+00   2.105312124400000E-01   5.900190961600000E+01   2.000000000000000E+00
   6.450268355100000E-01  -6.333200830400000E-02   1.679827585400000E+00   1.968204339700000E+00   2.100764439000000E-01   5.906296993800000E+01   2.000000000000000E+00
   6.415674385500000E-01  -5.716949764300000E-02   1.678799217400000E+00   1.966720808200000E+00   2.095745170100000E-01   5.912692165200000E+01   2.000000000000000E+00
   6.379068404400000E-01  -5.067825968500000E-02   1.677675767200000E+00   1.965134736700000E+00   2.090348389000000E-01   5.919335942800000E+01   2.000000000000000E+00
   6.340663976799999E-01  -4.398831400000000E-02   1.676505178100000E+00   1.963411131100000E+00   2.084532517600000E-01   5.926178791500000E+01   2.000000000000000E+00
   6.300709542200000E-01  -3.706917462800000E-02   1.675294034300000E+00   1.961680533700000E+00   2.078496458100000E-01   5.933167592200000E+01   2.000000000000000E+00
   6.259457899000000E-01  -2.999933349400000E-02   1.673998089700000E+00   1.959864484200000E+00   2.072330002700000E-01   5.940250944900000E+01   2.000000000000000E+00
   6.217142082000000E-01  -2.288002559700000E-02   1.672677523200000E+00   1.957941293400000E+00   2.066015474100000E-01   5.947382921400000E+01   2.000000000000000E+00
   6.173961805100000E-01  -1.568936358900000E-02   1.671336794100000E+00   1.956019403300000E+00   2.059645289000000E-01   5.954524797000000E+01   2.000000000000000E+00
   6.130079644899999E-01  -8.474764329800001E-03   1.669928995200000E+00   1.954065307500000E+00   2.053247030300000E-01   5.961645128300000E+01   2.000000000000000E+00
   6.085623653500000E-01  -1.272809820000000E-03   1.668506689600000E+00   1.952038235600000E+00   2.046903732600000E-01   5.968718877600000E+01   2.000000000000000E+00
   6.040693013300000E-01   5.883779832400000E-03   1.667080219400000E+00   1.949972596700000E+00   2.040589870000000E-01   5.975726194500000E+01   2.000000000000000E+00
   5.995364386199999E-01   1.300508174500000E-02   1.665597176000000E+00   1.947931428900000E+00   2.034327864800000E-01   5.982651231300000E+01   2.000000000000000E+00
   5.949697703500000E-01   2.008510003600000E-02   1.664100955600000E+00   1.945835491200000E+00   2.028107833800000E-01   5.989481158800000E+01   2.000000000000000E+00
   5.903740912000000E-01   2.709415050500000E-02   1.662614106000000E+00   1.943688184200000E+00   2.021978110700000E-01   5.996205422300000E+01   2.000000000000000E+00
   5.857533616400000E-01   3.405071471100000E-02   1.661069902100000E+00   1.941551485900000E+00   2.015926972700000E-01   6.002815213000000E+01   2.000000000000000E+00
   5.811109745500000E-01   4.093588573100000E-02   1.659532630100000E+00   1.939404638500000E+00   2.010009046100000E-01   6.009303109200000E+01   2.000000000000000E+00
   5.764499429500000E-01   4.774700597000000E-02   1.657983689700000E+00   1.937236309800000E+00   2.004121533700000E-01   6.015662840600000E+01   2.000000000000000E+00
   5.717730271400000E-01   5.447332579100000E-02   1.656397860000000E+00   1.935030633300000E+00   1.998305296600000E-01   6.021889136400000E+01   2.000000000000000E+00
   5.670828172400000E-01   6.115334651900000E-02   1.654821115900000E+00   1.932801379000000E+00   1.992553685400000E-01   6.027977628200000E+01   2.000000000000000E+00
   5.623817836000000E-01   6.771829769200000E-02   1.653212466900000E+00   1.930599563100000E+00   1.986873026000000E-01   6.033924783000000E+01   2.000000000000000E+00
   5.576723049400000E-01   7.423199052200000E-02   1.651611779400000E+00   1.928368804700000E+00   1.981255928300000E-01   6.039727854400000E+01   2.000000000000000E+00
   5.529566815500000E-01   8.064928030200000E-02   1.649968981800000E+00   1.926120207300000E+00   1.975705747400000E-01   6.045384840300000E+01   2.000000000000000E+00
   5.482371389500000E-01   8.701316515400000E-02   1.648357100000000E+00   1.923857275500000E+00   1.970224560700000E-01   6.050894441900000E+01   2.000000000000000E+00
   5.435158260200000E-01   9.326216214700001E-02   1.646706387800000E+00   1.921575020300000E+00   1.964800439700000E-01   6.056256021100000E+01   2.000000000000000E+00
   5.387948101500000E-01   9.945189818700000E-02   1.645044164500000E+00   1.919308639100000E+00   1.959433445700000E-01   6.061469554300000E+01   2.000000000000000E+00
   5.340760716600000E-01   1.055607645500000E-01   1.643407258600000E+00   1.917033815500000E+00   1.954347007400000E-01   6.066535583900000E+01   2.000000000000000E+00
   5.293614983200000E-01   1.115792144400000E-01   1.641742553500000E+00   1.914745889500000E+00   1.949304724000000E-01   6.071455166300000E+01   2.000000000000000E+00
   5.246528810600000E-01   1.175247290300000E-01   1.640075579000000E+00   1.912445631000000E+00   1.944305474700000E-01   6.076229819200000E+01   2.000000000000000E+00
   5.199519110900001E-01   1.233999162300000E-01   1.638389352600000E+00   1.910138073100000E+00   1.939322018900000E-01   6.080861467800000E+01   2.000000000000000E+00
   5.152601786300000E-01   1.291722938400000E-01   1.636710712000000E+00   1.907824788800000E+00   1.934369997500000E-01   6.085352392300000E+01   2.000000000000000E+00
   5.105791731500000E-01   1.348803675000000E-01   1.635033148900000E+00   1.905543380500000E+00   1.929407818600000E-01   6.089705176800000E+01   2.000000000000000E+00
   5.059102851300000E-01   1.405258712700000E-01   1.633355958700000E+00   1.903244985700000E+00   1.924521906500000E-01   6.093922660800000E+01   2.000000000000000E+00
   5.012548089600000E-01   1.460616818000000E-01   1.631667783100000E+00   1.900943626600000E+00   1.919669183900000E-01   6.098007893700000E+01   2.000000000000000E+00
   4.966139469800000E-01   1.515379592100000E-01   1.629975112400000E+00   1.898639251200000E+00   1.914832687700000E-01   6.101964093000000E+01   2.000000000000000E+00
   4.919888141500000E-01   1.569503614700000E-01   1.628275127700000E+00   1.896337508700000E+00   1.910038945600000E-01   6.105794605600000E+01   2.000000000000000E+00
   4.873804434300000E-01   1.622616409400000E-01   1.626582011000000E+00   1.894036538300000E+00   1.905281692400000E-01   6.109502874200000E+01   2.000000000000000E+00
   4.827897914100000E-01   1.675285400100000E-01   1.624892437200000E+00   1.891731902900000E+00   1.900548180600000E-01   6.113092406000000E+01   2.000000000000000E+00
   4.782177442500000E-01   1.726952169300000E-01   1.623210297000000E+00   1.889434302000000E+00   1.895850378900000E-01   6.116566746300000E+01   2.000000000000000E+00
   4.736651235800000E-01   1.778003801500000E-01   1.621525926900000E+00   1.887140621200000E+00   1.891180342200000E-01   6.119929454800000E+01   2.000000000000000E+00
   4.691326924400000E-01   1.828447690000000E-01   1.619841667200000E+00   1.884817928200000E+00   1.886530566400000E-01   6.123184085700000E+01   2.000000000000000E+00
   4.646211609400000E-01   1.878265808900000E-01   1.618154091100000E+00   1.882533763700000E+00   1.881901277900000E-01   6.126334170200000E+01   2.000000000000000E+00
   4.601311918700000E-01   1.927209090600000E-01   1.616468368600000E+00   1.880256648900000E+00   1.877296240300000E-01   6.129383202600000E+01   2.000000000000000E+00
   4.556634058700000E-01   1.975581212700000E-01   1.614771207800000E+00   1.877990145700000E+00   1.872751782400000E-01   6.132334627600000E+01   2.000000000000000E+00
   4.512183864400000E-01   2.023398795900000E-01   1.613090539500000E+00   1.875716604100000E+00   1.868222632800000E-01   6.135191831100000E+01   2.000000000000000E+00
   4.467966845100000E-01   2.070390531800000E-01   1.611414266600000E+00   1.873447520800000E+00   1.863715870000000E-01   6.137958132000000E+01   2.000000000000000E+00
   4.423988227900000E-01   2.116839171900000E-01   1.609757634800000E+00   1.871227170200000E+00   1.859196419300000E-01   6.140636775800000E+01   2.000000000000000E+00
   4.380252996800000E-01   2.162631163400000E-01   1.608090361200000E+00   1.868981017700000E+00   1.854755760200000E-01   6.143230929900000E+01   2.000000000000000E+00
   4.336765929400000E-01   2.207846287000000E-01   1.606427715800000E+00   1.866741226800000E+00   1.850335171300000E-01   6.145743680100000E+01   2.000000000000000E+00
   4.293531630000000E-01   2.252611800000000E-01   1.604763270400000E+00   1.864485299200000E+00   1.845926105400000E-01   6.148178027900000E+01   2.000000000000000E+00
   4.250554559500000E-01   2.296618259700000E-01   1.603104947200000E+00   1.862267851600000E+00   1.841529900400000E-01   6.150536889100000E+01   2.000000000000000E+00
   4.207839062700000E-01   2.340072215700000E-01   1.601450116700000E+00   1.860057071700000E+00   1.837162114600000E-01   6.152823092500000E+01   2.000000000000000E+00
   4.165389393000000E-01   2.383045123700000E-01   1.599815760700000E+00   1.857842731800000E+00   1.832825773600000E-01   6.155039380000000E+01   2.000000000000000E+00
   4.123209733700000E-01   2.425462691000000E-01   1.598180913300000E+00   1.855631941600000E+00   1.828532751800000E-01   6.157188406900000E+01   2.000000000000000E+00
   4.081304218100000E-01   2.467341619800000E-01   1.596550497600000E+00   1.853426032700000E+00   1.824259548700000E-01   6.159272742000000E+01   2.000000000000000E+00
   4.039676946200000E-01   2.508501798200000E-01   1.594917638900000E+00   1.851276789900000E+00   1.819995552700000E-01   6.161294869500000E+01   2.000000000000000E+00
   3.998331999900000E-01   2.549281356700000E-01   1.593301605000000E+00   1.849110272000000E+00   1.815761662500000E-01   6.163257189400000E+01   2.000000000000000E+00
   3.957273456600000E-01   2.589552979400000E-01   1.591689219800000E+00   1.846948915300000E+00   1.811541548000000E-01   6.165162019600000E+01   2.000000000000000E+00
   3.916505399800000E-01   2.629469774300000E-01   1.590061547400000E+00   1.844793483000000E+00   1.807329604800000E-01   6.167011597000000E+01   2.000000000000000E+00
   3.876031929500000E-01   2.668729122900000E-01   1.588469837400000E+00   1.842659228200000E+00   1.803159261900000E-01   6.168808079900000E+01   2.000000000000000E+00
   3.835857169900000E-01   2.707508265500000E-01   1.586885298600000E+00   1.840529288500000E+00   1.799026705200000E-01   6.170553549200000E+01   2.000000000000000E+00
   3.795985276300000E-01   2.745710361900000E-01   1.585297987100000E+00   1.838411040400000E+00   1.794902448000000E-01   6.172250010600000E+01   2.000000000000000E+00
   3.756420440200000E-01   2.783556754200000E-01   1.583709033800000E+00   1.836308579700000E+00   1.790784564300000E-01   6.173899396600000E+01   2.000000000000000E+00
   3.717166893800000E-01   2.820942580500000E-01   1.582142936200000E+00   1.834209318000000E+00   1.786698778600000E-01   6.175503568000000E+01   2.000000000000000E+00
   3.678228912500000E-01   2.857876938000000E-01   1.580574061400000E+00   1.832131288800000E+00   1.782641061300000E-01   6.177064316000000E+01   2.000000000000000E+00
   3.639610817300000E-01   2.894365104000000E-01   1.579035588800000E+00   1.830066082200000E+00   1.778621274900000E-01   6.178583364200000E+01   2.000000000000000E+00
   3.601316975000000E-01   2.930415959700000E-01   1.577497098900000E+00   1.828002910400000E+00   1.774611633400000E-01   6.180062370300000E+01   2.000000000000000E+00
   3.563351798700000E-01   2.966143309100000E-01   1.575961845800000E+00   1.825968187100000E+00   1.770608517800000E-01   6.181502927800000E+01   2.000000000000000E+00
   3.525719746500000E-01   3.001325299300000E-01   1.574430438500000E+00   1.823937661000000E+00   1.766649693500000E-01   6.182906567700000E+01   2.000000000000000E+00
   3.488425319700000E-01   3.036089365500000E-01   1.572896785300000E+00   1.821907749000000E+00   1.762700318200000E-01   6.184274760400000E+01   2.000000000000000E+00
   3.451473060700000E-01   3.070396849900000E-01   1.571411726700000E+00   1.819924771700000E+00   1.758759414300000E-01   6.185608917300000E+01   2.000000000000000E+00
   3.414867549100000E-01   3.104373474900000E-01   1.569907607600000E+00   1.817933689500000E+00   1.754873675200000E-01   6.186910392000000E+01   2.000000000000000E+00
   3.378613398300000E-01   3.137957254300000E-01   1.568407252400000E+00   1.815941733400000E+00   1.750996855100000E-01   6.188180482400000E+01   2.000000000000000E+00
   3.342715250900000E-01   3.171216328800000E-01   1.566939202700000E+00   1.813978558600000E+00   1.747120563700000E-01   6.189420431500000E+01   2.000000000000000E+00
   3.307177773600000E-01   3.203985354700000E-01   1.565471416800000E+00   1.812056364600000E+00   1.743296435700000E-01   6.190631429600000E+01   2.000000000000000E+00
   3.272005651600000E-01   3.236379333900000E-01   1.564026848800000E+00   1.810142860000000E+00   1.739496730900000E-01   6.191814614800000E+01   2.000000000000000E+00
   3.237203582800000E-01   3.268370306400000E-01   1.562575967500000E+00   1.808222644900000E+00   1.735708156900000E-01   6.192971075200000E+01   2.000000000000000E+00
   3.202776271300000E-01   3.300046400200000E-01   1.561147240900000E+00   1.806304348100000E+00   1.731929724300000E-01   6.194101849500000E+01   2.000000000000000E+00
   3.168728420800000E-01   3.331369201700000E-01   1.559710280200000E+00   1.804453990800000E+00   1.728193201800000E-01   6.195207928400000E+01   2.000000000000000E+00
   3.135064727900000E-01   3.362344911200000E-01   1.558305046700000E+00   1.802583968200000E+00   1.724484957800000E-01   6.196290256100000E+01   2.000000000000000E+00
   3.101789874400000E-01   3.392980921100000E-01   1.556912864800000E+00   1.800754737600000E+00   1.720773734700000E-01   6.197349731100000E+01   2.000000000000000E+00
   3.068908520500000E-01   3.423284232500000E-01   1.555510064100000E+00   1.798919670700000E+00   1.717118465200000E-01   6.198387207700000E+01   2.000000000000000E+00
   3.036425297500000E-01   3.453292036100000E-01   1.554138605700000E+00   1.797095418700000E+00   1.713480950600000E-01   6.199403496900000E+01   2.000000000000000E+00
   3.004344800200000E-01   3.482884725900000E-01   1.552773125700000E+00   1.795323220200000E+00   1.709854934600000E-01   6.200399367300000E+01   2.000000000000000E+00
   2.972671579600000E-01   3.512162966900000E-01   1.551432094000000E+00   1.793543156500000E+00   1.706239406900000E-01   6.201375546800000E+01   2.000000000000000E+00
   2.941410136300000E-01   3.541208571300000E-01   1.550071928500000E+00   1.791781459000000E+00   1.702668328300000E-01   6.202332723000000E+01   2.000000000000000E+00
   2.910564913100000E-01   3.569930113500000E-01   1.548764729400000E+00   1.790028235200000E+00   1.699140377400000E-01   6.203271544800000E+01   2.000000000000000E+00
   2.880140288900000E-01   3.598271942300000E-01   1.547441652500000E+00   1.788330810400000E+00   1.695620601700000E-01   6.204192623200000E+01   2.000000000000000E+00
   2.850140572400000E-01   3.626248668700000E-01   1.546137429800000E+00   1.786600885500000E+00   1.692103055500000E-01   6.205096532200000E+01   2.000000000000000E+00
   2.820569996300000E-01   3.654039290600000E-01   1.544852990600000E+00   1.784938893900000E+00   1.688644450900000E-01   6.205983810300000E+01   2.000000000000000E+00
   2.791432713000000E-01   3.681555212000000E-01   1.543582455800000E+00   1.783279362200000E+00   1.685201851500000E-01   6.206854961100000E+01   2.000000000000000E+00
   2.762732789400000E-01   3.708864085600000E-01   1.542321426300000E+00   1.781607909700000E+00   1.681766658300000E-01   6.207710454500000E+01   2.000000000000000E+00
   2.734474203900000E-01   3.735752267100000E-01   1.541055278600000E+00   1.780006956900000E+00   1.678380203500000E-01   6.208550727900000E+01   2.000000000000000E+00
   2.706660843800000E-01   3.762383809500000E-01   1.539833082500000E+00   1.778390955700000E+00   1.675001622900000E-01   6.209376186800000E+01   2.000000000000000E+00
   2.679296503500000E-01   3.788845543300000E-01   1.538596605500000E+00   1.776807728000000E+00   1.671648798300000E-01   6.210187206400000E+01   2.000000000000000E+00
   2.652384884400000E-01   3.814952205200000E-01   1.537397575100000E+00   1.775210716000000E+00   1.668323792400000E-01   6.210984132100000E+01   2.000000000000000E+00
   2.625929595300000E-01   3.840821443800000E-01   1.536201498600000E+00   1.773691783000000E+00   1.665036106300000E-01   6.211767280900000E+01   2.000000000000000E+00
   2.599934155100000E-01   3.866487851200000E-01   1.535016794300000E+00   1.772142375800000E+00   1.661754857200000E-01   6.212536942200000E+01   2.000000000000000E+00
   2.574401996500000E-01   3.891880997700000E-01   1.533846977700000E+00   1.770653431800000E+00   1.658499023800000E-01   6.213293378700000E+01   2.000000000000000E+00
   2.549336471800000E-01   3.917055821700000E-01   1.532694723200000E+00   1.769143902400000E+00   1.655286145500000E-01   6.214036827400000E+01   2.000000000000000E+00
   2.524740861000000E-01   3.942046253600000E-01   1.531556049300000E+00   1.767661485100000E+00   1.652084264100000E-01   6.214767500700000E+01   2.000000000000000E+00
   2.500618381200000E-01   3.966821614500000E-01   1.530401578800000E+00   1.766240634700000E+00   1.648892674800000E-01   6.215485586900000E+01   2.000000000000000E+00
   2.476972200300000E-01   3.991397684500000E-01   1.529311799600000E+00   1.764796325100000E+00   1.645747057500000E-01   6.216191251200000E+01   2.000000000000000E+00
   2.453805452800000E-01   4.015616566200000E-01   1.528198904700000E+00   1.763395891200000E+00   1.642601840900000E-01   6.216884636300000E+01   2.000000000000000E+00
   2.431121259600000E-01   4.039694494900000E-01   1.527121229000000E+00   1.761983323700000E+00   1.639508658600000E-01   6.217565863100000E+01   2.000000000000000E+00
   2.408922752600000E-01   4.063589677400000E-01   1.526037369800000E+00   1.760637199000000E+00   1.636422237700000E-01   6.218235030700000E+01   2.000000000000000E+00
   2.387213105000000E-01   4.087372308400000E-01   1.524964623100000E+00   1.759266280300000E+00   1.633358080900000E-01   6.218892217100000E+01   2.000000000000000E+00
   2.365995568200000E-01   4.110954184000000E-01   1.523941679200000E+00   1.757954780000000E+00   1.630301479700000E-01   6.219537478800000E+01   2.000000000000000E+00
   2.345273518100000E-01   4.134205788200000E-01   1.522887024400000E+00   1.756614258900000E+00   1.627282232600000E-01   6.220170850600000E+01   2.000000000000000E+00
   2.325050512700000E-01   4.156521967800000E-01   1.521878371400000E+00   1.755352910300000E+00   1.624272062300000E-01   6.220792344500000E+01   2.000000000000000E+00
   2.305330365000000E-01   4.178666464900000E-01   1.520878773900000E+00   1.754061822900000E+00   1.621291391400000E-01   6.221401948300000E+01   2.000000000000000E+00
   2.286117236500000E-01   4.200684578500000E-01   1.519872732800000E+00   1.752826680100000E+00   1.618327708300000E-01   6.221999623100000E+01   2.000000000000000E+00
   2.267415758500000E-01   4.222501127500000E-01   1.518888403600000E+00   1.751598283600000E+00   1.615369599400000E-01   6.222585300100000E+01   2.000000000000000E+00
   2.249231191900000E-01   4.244150981200000E-01   1.517947207900000E+00   1.750369666200000E+00   1.612431608400000E-01   6.223158875000000E+01   2.000000000000000E+00
   2.231569642200000E-01   4.265699792900000E-01   1.516978966100000E+00   1.749204750700000E+00   1.609520541500000E-01   6.223720200800000E+01   2.000000000000000E+00
   2.214438354800000E-01   4.287183310200000E-01   1.516059774400000E+00   1.748031769400000E+00   1.606603850100000E-01   6.224269076600000E+01   2.000000000000000E+00
   2.197846126000000E-01   4.308390119000000E-01   1.515120879900000E+00   1.746885074800000E+00   1.603715759600000E-01   6.224805232100000E+01   2.000000000000000E+00
   2.181803892200000E-01   4.329523686600000E-01   1.514233016200000E+00   1.745756985400000E+00   1.600840119800000E-01   6.225328304400000E+01   2.000000000000000E+00
   2.166325591500000E-01   4.350590669600000E-01   1.513330681400000E+00   1.744647337800000E+00   1.597965912800000E-01   6.225837803500000E+01   2.000000000000000E+00
   2.151429457600000E-01   4.371604718800000E-01   1.512467414000000E+00   1.743595263500000E+00   1.595113404800000E-01   6.226333060000000E+01   2.000000000000000E+00
   2.137140015400000E-01   4.392520974200000E-01   1.511596950800000E+00   1.742516607200000E+00   1.592253914700000E-01   6.226813144600000E+01   2.000000000000000E+00
   2.123491250900000E-01   4.413186221800000E-01   1.510772795000000E+00   1.741517394300000E+00   1.589429023500000E-01   6.227276740300000E+01   2.000000000000000E+00
   2.110531801400000E-01   4.433885844400000E-01   1.509956111000000E+00   1.740537078900000E+00   1.586615561300000E-01   6.227721934100000E+01   2.000000000000000E+00
   2.098333723200000E-01   4.454535815900000E-01   1.509173568400000E+00   1.739563886800000E+00   1.583806340800000E-01   6.228145868000000E+01   2.000000000000000E+00
   2.087007730000000E-01   4.474911629900000E-01   1.508423868300000E+00   1.738688840600000E+00   1.581045582300000E-01   6.228544138600000E+01   2.000000000000000E+00
   2.076730169400000E-01   4.495159274400000E-01   1.507704514800000E+00   1.737825715100000E+00   1.578358687700000E-01   6.228909743500000E+01   2.000000000000000E+00
   2.067790137900000E-01   4.514985630400000E-01   1.507056444400000E+00   1.737074457200000E+00   1.575769720700000E-01   6.229231261800000E+01   2.000000000000000E+00
   2.060662960700000E-01   4.533757716100000E-01   1.506499168400000E+00   1.736416134900000E+00   1.573386889800000E-01   6.229490050500000E+01   2.000000000000000E+00
   2.056075396300000E-01   4.549994927700000E-01   1.506065657500000E+00   1.735958469700000E+00   1.571376661100000E-01   6.229657832200000E+01   1.000000000000000E+00
   2.054868431300000E-01   4.556773764500000E-01   1.505897211400000E+00   1.735787506300000E+00   1.570413247100000E-01   6.229702135300000E+01   1.000000000000000E+00
   2.055661906500000E-01   4.551704445400000E-01   1.506024766500000E+00   1.735925638500000E+00   1.571123693600000E-01   6.229673002200000E+01   1.000000000000000E+00
   2.057309942800000E-01   4.545139201600000E-01   1.506197735700000E+00   1.736110151500000E+00   1.572009739200000E-01   6.229612586200000E+01   1.000000000000000E+00
   2.059726582500000E-01   4.536618938800000E-01   1.506409635900000E+00   1.736346353300000E+00   1.573030531500000E-01   6.229524218900000E+01   2.000000000000000E+00
   2.062807313800000E-01   4.527526060300000E-01   1.506656505600000E+00   1.736621128000000E+00   1.574153735200000E-01   6.229411951900000E+01   2.000000000000000E+00
   2.066451440500000E-01   4.518109277300000E-01   1.506950278100000E+00   1.736940223600000E+00   1.575351757600000E-01   6.229279699500000E+01   2.000000000000000E+00
   2.070571940600000E-01   4.508447958400000E-01   1.507267357300000E+00   1.737312175900000E+00   1.576603470200000E-01   6.229130855900000E+01   2.000000000000000E+00
   2.075097882300000E-01   4.498616675300000E-01   1.507597348800000E+00   1.737709765400000E+00   1.577908418100000E-01   6.228968197700000E+01   2.000000000000000E+00
   2.079973145800000E-01   4.488631867300000E-01   1.507942214900000E+00   1.738114990200000E+00   1.579233756700000E-01   6.228793929800000E+01   2.000000000000000E+00
   2.085153902000000E-01   4.478478187600000E-01   1.508292328900000E+00   1.738530430100000E+00   1.580577384400000E-01   6.228609780100000E+01   2.000000000000000E+00
   2.090606029000000E-01   4.468264939000000E-01   1.508653475100000E+00   1.738954932600000E+00   1.581953961600000E-01   6.228417098200000E+01   2.000000000000000E+00
   2.096302893700000E-01   4.458026472100000E-01   1.509030970600000E+00   1.739424511400000E+00   1.583326802200000E-01   6.228216940100000E+01   2.000000000000000E+00
   2.102223586800000E-01   4.447762180900000E-01   1.509429160000000E+00   1.739896199800000E+00   1.584718787400000E-01   6.228010136400000E+01   2.000000000000000E+00
   2.108351565800000E-01   4.437483686300000E-01   1.509824527000000E+00   1.740357772400000E+00   1.586119104300000E-01   6.227797345000000E+01   2.000000000000000E+00
   2.114673630600000E-01   4.427188961100000E-01   1.510215854700000E+00   1.740823050100000E+00   1.587517595200000E-01   6.227579090800000E+01   2.000000000000000E+00
   2.121179152200000E-01   4.416882008300000E-01   1.510618320200000E+00   1.741340741100000E+00   1.588935916700000E-01   6.227355796000000E+01   2.000000000000000E+00
   2.127859494200000E-01   4.406502767600000E-01   1.511046828300000E+00   1.741855290700000E+00   1.590339637000000E-01   6.227127802900000E+01   2.000000000000000E+00
   2.134707575700000E-01   4.396159579400000E-01   1.511460016200000E+00   1.742356635100000E+00   1.591761759900000E-01   6.226895390900000E+01   2.000000000000000E+00
   2.141717539900000E-01   4.385728712600000E-01   1.511865867200000E+00   1.742852251200000E+00   1.593189129800000E-01   6.226658790100000E+01   2.000000000000000E+00
   2.148884501000000E-01   4.375224237600000E-01   1.512309823200000E+00   1.743407449800000E+00   1.594614952900000E-01   6.226418191100000E+01   2.000000000000000E+00
   2.156204349900000E-01   4.364799826000000E-01   1.512750823100000E+00   1.743940907200000E+00   1.596039017900000E-01   6.226173752600000E+01   2.000000000000000E+00
   2.163673602800000E-01   4.354363127900000E-01   1.513182310300000E+00   1.744467393400000E+00   1.597461288500000E-01   6.225925608100000E+01   2.000000000000000E+00
   2.171289283800000E-01   4.343855434300000E-01   1.513625546900000E+00   1.745012512500000E+00   1.598895725100000E-01   6.225673869900000E+01   2.000000000000000E+00
   2.179048832200000E-01   4.333347438300000E-01   1.514052908700000E+00   1.745574499400000E+00   1.600320453700000E-01   6.225418633400000E+01   2.000000000000000E+00
   2.186950028300000E-01   4.322744549900000E-01   1.514518188000000E+00   1.746128829200000E+00   1.601765305700000E-01   6.225159979600000E+01   2.000000000000000E+00
   2.194990935400000E-01   4.312162012600000E-01   1.514975730500000E+00   1.746664333300000E+00   1.603208370000000E-01   6.224897978000000E+01   2.000000000000000E+00
   2.203169852000000E-01   4.301596505200000E-01   1.515436088800000E+00   1.747253710800000E+00   1.604657440000000E-01   6.224632688200000E+01   2.000000000000000E+00
   2.211485274000000E-01   4.290935246700000E-01   1.515885946900000E+00   1.747835102200000E+00   1.606105087200000E-01   6.224364161200000E+01   2.000000000000000E+00
   2.219935862800000E-01   4.280186173800000E-01   1.516341227800000E+00   1.748393396400000E+00   1.607548894100000E-01   6.224092441300000E+01   2.000000000000000E+00
   2.228520420500000E-01   4.269463656500000E-01   1.516827356100000E+00   1.748972703200000E+00   1.609007741000000E-01   6.223817566600000E+01   2.000000000000000E+00
   2.237237867900000E-01   4.258718703300000E-01   1.517303055500000E+00   1.749581747400000E+00   1.610465526500000E-01   6.223539569900000E+01   2.000000000000000E+00
   2.246087227700000E-01   4.247952007500000E-01   1.517773330700000E+00   1.750174607900000E+00   1.611925554200000E-01   6.223258479600000E+01   2.000000000000000E+00
   2.255067609200000E-01   4.237141593500000E-01   1.518237556800000E+00   1.750753239900000E+00   1.613384926700000E-01   6.222974320200000E+01   2.000000000000000E+00
   2.264178196100000E-01   4.226305186000000E-01   1.518737375700000E+00   1.751371576800000E+00   1.614843580900000E-01   6.222687112700000E+01   2.000000000000000E+00
   2.273418236500000E-01   4.215421927100000E-01   1.519226308600000E+00   1.751997652500000E+00   1.616319553500000E-01   6.222396874800000E+01   2.000000000000000E+00
   2.282787033400000E-01   4.204515235300000E-01   1.519703687300000E+00   1.752601814700000E+00   1.617792741900000E-01   6.222103621700000E+01   2.000000000000000E+00
   2.292283937500000E-01   4.193579193400000E-01   1.520198067100000E+00   1.753200294000000E+00   1.619282394300000E-01   6.221807366000000E+01   2.000000000000000E+00
   2.301908340800000E-01   4.182571809800000E-01   1.520705523600000E+00   1.753860017500000E+00   1.620760662300000E-01   6.221508118100000E+01   2.000000000000000E+00
   2.311659670600000E-01   4.171559658300000E-01   1.521192874500000E+00   1.754488870700000E+00   1.622257975800000E-01   6.221205886200000E+01   2.000000000000000E+00
   2.321537385100000E-01   4.160514991200000E-01   1.521697398400000E+00   1.755109933400000E+00   1.623755335500000E-01   6.220900676800000E+01   2.000000000000000E+00
   2.331540968900000E-01   4.149320532000000E-01   1.522193803600000E+00   1.755762528000000E+00   1.625253491800000E-01   6.220592494400000E+01   2.000000000000000E+00
   2.341669929500000E-01   4.138173796500000E-01   1.522719755400000E+00   1.756414855600000E+00   1.626752355000000E-01   6.220281341800000E+01   2.000000000000000E+00
   2.351923794000000E-01   4.126684788400000E-01   1.523241147500000E+00   1.757059684100000E+00   1.628251528900000E-01   6.219967220300000E+01   2.000000000000000E+00
   2.362302106100000E-01   4.114962398700000E-01   1.523758282200000E+00   1.757699063400000E+00   1.629777463400000E-01   6.219650129700000E+01   2.000000000000000E+00
   2.372804423900000E-01   4.103244255300000E-01   1.524271381000000E+00   1.758377902400000E+00   1.631295487700000E-01   6.219330068300000E+01   2.000000000000000E+00
   2.383430317500000E-01   4.091483954100000E-01   1.524784435300000E+00   1.759049563900000E+00   1.632814124700000E-01   6.219007032900000E+01   2.000000000000000E+00
   2.394179367100000E-01   4.079774078900000E-01   1.525319334600000E+00   1.759693165500000E+00   1.634344767600000E-01   6.218681018900000E+01   2.000000000000000E+00
   2.405051161000000E-01   4.067913003800000E-01   1.525860209100000E+00   1.760377740000000E+00   1.635880819400000E-01   6.218352020500000E+01   2.000000000000000E+00
   2.416045294400000E-01   4.055972903900000E-01   1.526392168300000E+00   1.761074386800000E+00   1.637417746700000E-01   6.218020030300000E+01   2.000000000000000E+00
   2.427161367900000E-01   4.044002854100000E-01   1.526920989800000E+00   1.761756394900000E+00   1.638957431400000E-01   6.217685039800000E+01   2.000000000000000E+00
   2.438398985800000E-01   4.031970453500000E-01   1.527459306000000E+00   1.762428079100000E+00   1.640512546700000E-01   6.217347039000000E+01   2.000000000000000E+00
   2.449757755700000E-01   4.019892080400000E-01   1.528016032400000E+00   1.763133042900000E+00   1.642068772000000E-01   6.217006016700000E+01   2.000000000000000E+00
   2.461237286900000E-01   4.007864623400000E-01   1.528564514400000E+00   1.763853054000000E+00   1.643628829100000E-01   6.216661960200000E+01   2.000000000000000E+00
   2.472837189600000E-01   3.995709609700000E-01   1.529104877500000E+00   1.764552229000000E+00   1.645190151800000E-01   6.216314855700000E+01   2.000000000000000E+00
   2.484557074300000E-01   3.983466529300000E-01   1.529656228200000E+00   1.765245257200000E+00   1.646752725400000E-01   6.215964687700000E+01   2.000000000000000E+00
   2.496396550700000E-01   3.971107240000000E-01   1.530228829000000E+00   1.765983234600000E+00   1.648343089000000E-01   6.215611439800000E+01   2.000000000000000E+00
   2.508355227300000E-01   3.958794290200000E-01   1.530787429600000E+00   1.766707516700000E+00   1.649930335200000E-01   6.215255093800000E+01   2.000000000000000E+00
   2.520432710800000E-01   3.946430844800000E-01   1.531338255700000E+00   1.767426011900000E+00   1.651519039000000E-01   6.214895630300000E+01   2.000000000000000E+00
   2.532628605100000E-01   3.933995689300000E-01   1.531907490800000E+00   1.768148294200000E+00   1.653110384600000E-01   6.214533028500000E+01   2.000000000000000E+00
   2.544942511600000E-01   3.921523231600000E-01   1.532492144100000E+00   1.768897651100000E+00   1.654702789800000E-01   6.214167266000000E+01   2.000000000000000E+00
   2.557374028000000E-01   3.908997969800000E-01   1.533069485100000E+00   1.769641574700000E+00   1.656310154800000E-01   6.213798319200000E+01   2.000000000000000E+00
   2.569922748300000E-01   3.896389620700000E-01   1.533648192300000E+00   1.770357189800000E+00   1.657938261300000E-01   6.213426162700000E+01   2.000000000000000E+00
   2.582588262300000E-01   3.883750615200000E-01   1.534225063200000E+00   1.771119358800000E+00   1.659556782800000E-01   6.213050769900000E+01   2.000000000000000E+00
   2.595370155500000E-01   3.871056456200000E-01   1.534794971500000E+00   1.771889629700000E+00   1.661176995200000E-01   6.212672112400000E+01   2.000000000000000E+00
   2.608268008500000E-01   3.858246313200000E-01   1.535382730000000E+00   1.772649441500000E+00   1.662797876000000E-01   6.212290160500000E+01   2.000000000000000E+00
   2.621281397100000E-01   3.845429479800000E-01   1.535989868900000E+00   1.773399810500000E+00   1.664440256500000E-01   6.211904882600000E+01   2.000000000000000E+00
   2.634409891800000E-01   3.832555141900000E-01   1.536590503700000E+00   1.774162748600000E+00   1.666092704600000E-01   6.211516245700000E+01   2.000000000000000E+00
   2.647653057800000E-01   3.819564861900000E-01   1.537188499300000E+00   1.774965997000000E+00   1.667731933800000E-01   6.211124215000000E+01   2.000000000000000E+00
   2.661010454800000E-01   3.806564118300000E-01   1.537782243400000E+00   1.775744341700000E+00   1.669397686200000E-01   6.210728754300000E+01   2.000000000000000E+00
   2.674481637100000E-01   3.793503493400000E-01   1.538376700600000E+00   1.776518327000000E+00   1.671065355100000E-01   6.210329825200000E+01   2.000000000000000E+00
   2.688066152900000E-01   3.780330336100000E-01   1.538993564800000E+00   1.777311703600000E+00   1.672727295600000E-01   6.209927388100000E+01   2.000000000000000E+00
   2.701763544900000E-01   3.767140264100000E-01   1.539615403300000E+00   1.778115499700000E+00   1.674408325300000E-01   6.209521401300000E+01   2.000000000000000E+00
   2.715573350000000E-01   3.753887907700000E-01   1.540231510200000E+00   1.778915255700000E+00   1.676091315100000E-01   6.209111821300000E+01   2.000000000000000E+00
   2.729495099200000E-01   3.740553134300000E-01   1.540845524700000E+00   1.779686364300000E+00   1.677778747100000E-01   6.208698602900000E+01   2.000000000000000E+00
   2.743528317700000E-01   3.727117093700000E-01   1.541453322300000E+00   1.780510627000000E+00   1.679470702300000E-01   6.208281698800000E+01   2.000000000000000E+00
   2.757672524800000E-01   3.713616785500000E-01   1.542088050600000E+00   1.781338608400000E+00   1.681164625000000E-01   6.207861060200000E+01   2.000000000000000E+00
   2.771927234100000E-01   3.700127352400000E-01   1.542725199600000E+00   1.782158951600000E+00   1.682863959500000E-01   6.207436636000000E+01   2.000000000000000E+00
   2.786291953400000E-01   3.686515203400000E-01   1.543357834900000E+00   1.782970223500000E+00   1.684572526800000E-01   6.207008373300000E+01   2.000000000000000E+00
   2.800766184900000E-01   3.672803477200000E-01   1.543985489100000E+00   1.783778157700000E+00   1.686301459800000E-01   6.206576217100000E+01   2.000000000000000E+00
   2.815349425200000E-01   3.658998044500000E-01   1.544614872400000E+00   1.784644994800000E+00   1.688023462200000E-01   6.206140110500000E+01   2.000000000000000E+00
   2.830041165400000E-01   3.645154569700000E-01   1.545268961600000E+00   1.785485934800000E+00   1.689762033800000E-01   6.205699994400000E+01   2.000000000000000E+00
   2.844840891200000E-01   3.631241977800000E-01   1.545918446400000E+00   1.786323808100000E+00   1.691502677500000E-01   6.205255807800000E+01   2.000000000000000E+00
   2.859748083100000E-01   3.617272354400000E-01   1.546561802800000E+00   1.787142688200000E+00   1.693223258200000E-01   6.204807487400000E+01   2.000000000000000E+00
   2.874762216500000E-01   3.603215627300000E-01   1.547200805100000E+00   1.788012845000000E+00   1.694983273100000E-01   6.204354967800000E+01   2.000000000000000E+00
   2.889882761700000E-01   3.589087335200000E-01   1.547860361100000E+00   1.788880185900000E+00   1.696747464900000E-01   6.203898181400000E+01   2.000000000000000E+00
   2.905109184400000E-01   3.574947965300000E-01   1.548507483200000E+00   1.789737450600000E+00   1.698511743600000E-01   6.203437058400000E+01   2.000000000000000E+00
   2.920440945600000E-01   3.560659773700000E-01   1.549182511800000E+00   1.790589216100000E+00   1.700273427900000E-01   6.202971526700000E+01   2.000000000000000E+00
   2.935877501700000E-01   3.546297698300000E-01   1.549853790800000E+00   1.791450066600000E+00   1.702037144400000E-01   6.202501512000000E+01   2.000000000000000E+00
   2.951418304900000E-01   3.531922978400000E-01   1.550520430800000E+00   1.792354368800000E+00   1.703832738900000E-01   6.202026937500000E+01   2.000000000000000E+00
   2.967062803500000E-01   3.517440641400000E-01   1.551191849300000E+00   1.793233686600000E+00   1.705623876400000E-01   6.201547724300000E+01   2.000000000000000E+00
   2.982810441600000E-01   3.502881513800000E-01   1.551859717200000E+00   1.794110821200000E+00   1.707417104900000E-01   6.201063790900000E+01   2.000000000000000E+00
   2.998660659800000E-01   3.488111619300000E-01   1.552535495800000E+00   1.794979192900000E+00   1.709213285700000E-01   6.200575053500000E+01   2.000000000000000E+00
   3.014612895200000E-01   3.473379899800000E-01   1.553202685100000E+00   1.795887128700000E+00   1.711011304800000E-01   6.200081425800000E+01   2.000000000000000E+00
   3.030666581700000E-01   3.458569090100000E-01   1.553892033100000E+00   1.796793083900000E+00   1.712811368500000E-01   6.199582819000000E+01   2.000000000000000E+00
   3.046821150100000E-01   3.443621806400000E-01   1.554580185900000E+00   1.797690839600000E+00   1.714637148000000E-01   6.199079141700000E+01   2.000000000000000E+00
   3.063076028300000E-01   3.428634614200000E-01   1.555276283400000E+00   1.798584719000000E+00   1.716468521600000E-01   6.198570300200000E+01   2.000000000000000E+00
   3.079430641700000E-01   3.413566044600000E-01   1.555969473700000E+00   1.799477004800000E+00   1.718302011800000E-01   6.198056198000000E+01   2.000000000000000E+00
   3.095884413400000E-01   3.398462208900000E-01   1.556663727700000E+00   1.800425889600000E+00   1.720137460100000E-01   6.197536736100000E+01   2.000000000000000E+00
   3.112436764300000E-01   3.383209877600000E-01   1.557356292000000E+00   1.801345540900000E+00   1.721974832700000E-01   6.197011812600000E+01   2.000000000000000E+00
   3.129087113200000E-01   3.367873967200000E-01   1.558046295000000E+00   1.802263785200000E+00   1.723814277600000E-01   6.196481323200000E+01   2.000000000000000E+00
   3.145834877600000E-01   3.352467916700000E-01   1.558743901400000E+00   1.803160867500000E+00   1.725676592700000E-01   6.195945160800000E+01   2.000000000000000E+00
   3.162679473200000E-01   3.336959903400000E-01   1.559460010000000E+00   1.804105594400000E+00   1.727528876400000E-01   6.195403215500000E+01   2.000000000000000E+00
   3.179620314700000E-01   3.321365802100000E-01   1.560177211300000E+00   1.805053245700000E+00   1.729383231600000E-01   6.194855374500000E+01   2.000000000000000E+00
   3.196656815700000E-01   3.305770066200000E-01   1.560891096900000E+00   1.806001430000000E+00   1.731274540000000E-01   6.194301522400000E+01   2.000000000000000E+00
   3.213788389100000E-01   3.290022843200000E-01   1.561606690500000E+00   1.806940853100000E+00   1.733151290200000E-01   6.193741540700000E+01   2.000000000000000E+00
   3.231014447200000E-01   3.274186410500000E-01   1.562320302900000E+00   1.807879371700000E+00   1.735030153600000E-01   6.193175308200000E+01   2.000000000000000E+00
   3.248334401900000E-01   3.258127473100000E-01   1.563037069200000E+00   1.808819850900000E+00   1.736897465200000E-01   6.192602700600000E+01   2.000000000000000E+00
   3.265747665200000E-01   3.242097675800000E-01   1.563749500000000E+00   1.809788287400000E+00   1.738803616900000E-01   6.192023590700000E+01   2.000000000000000E+00
   3.283253649000000E-01   3.225976363000000E-01   1.564477365800000E+00   1.810755923900000E+00   1.740711944200000E-01   6.191437848200000E+01   2.000000000000000E+00
   3.300851765600000E-01   3.209730043100000E-01   1.565210787100000E+00   1.811721105800000E+00   1.742609160200000E-01   6.190845340000000E+01   2.000000000000000E+00
   3.318541427800000E-01   3.193410643600000E-01   1.565949188900000E+00   1.812682108600000E+00   1.744508814000000E-01   6.190245929500000E+01   2.000000000000000E+00
   3.336322049100000E-01   3.176997484700000E-01   1.566686124400000E+00   1.813642660300000E+00   1.746436854000000E-01   6.189639477200000E+01   2.000000000000000E+00
   3.354193043800000E-01   3.160548851800000E-01   1.567422550300000E+00   1.814609732600000E+00   1.748371513100000E-01   6.189025840500000E+01   2.000000000000000E+00
   3.372153827500000E-01   3.143937137800000E-01   1.568158810100000E+00   1.815601301500000E+00   1.750304210400000E-01   6.188404873500000E+01   2.000000000000000E+00
   3.390203816900000E-01   3.127229340600000E-01   1.568893930900000E+00   1.816592466800000E+00   1.752239119700000E-01   6.187776426900000E+01   2.000000000000000E+00
   3.408342430100000E-01   3.110518760800000E-01   1.569633423200000E+00   1.817583862600000E+00   1.754159813500000E-01   6.187140348200000E+01   2.000000000000000E+00
   3.426569087100000E-01   3.093610561300000E-01   1.570373487400000E+00   1.818570239700000E+00   1.756115730200000E-01   6.186496481700000E+01   2.000000000000000E+00
   3.444883209400000E-01   3.076603884000000E-01   1.571132334800000E+00   1.819556543600000E+00   1.758073921700000E-01   6.185844668000000E+01   2.000000000000000E+00
   3.463284220300000E-01   3.059483119300000E-01   1.571887274600000E+00   1.820527174700000E+00   1.760018141500000E-01   6.185184744600000E+01   2.000000000000000E+00
   3.481771545400000E-01   3.042293572900000E-01   1.572646063700000E+00   1.821542434800000E+00   1.761968795400000E-01   6.184516545300000E+01   2.000000000000000E+00
   3.500344612400000E-01   3.025001733200000E-01   1.573404138600000E+00   1.822557630300000E+00   1.763948419900000E-01   6.183839900400000E+01   2.000000000000000E+00
   3.519002851300000E-01   3.007548325100000E-01   1.574162394400000E+00   1.823572528000000E+00   1.765937278600000E-01   6.183154636700000E+01   2.000000000000000E+00
   3.537745694300000E-01   2.990046668200000E-01   1.574920427300000E+00   1.824588049500000E+00   1.767920034300000E-01   6.182460577300000E+01   2.000000000000000E+00
   3.556572576300000E-01   2.972440096200000E-01   1.575678055000000E+00   1.825603777500000E+00   1.769905174900000E-01   6.181757541700000E+01   2.000000000000000E+00
   3.575482934900000E-01   2.954703733500000E-01   1.576439504000000E+00   1.826621659000000E+00   1.771896746000000E-01   6.181045345600000E+01   2.000000000000000E+00
   3.594476210100000E-01   2.936883617000000E-01   1.577198676300000E+00   1.827640370700000E+00   1.773891536000000E-01   6.180323800900000E+01   2.000000000000000E+00
   3.613551844900000E-01   2.918955842200000E-01   1.577977949000000E+00   1.828659531600000E+00   1.775888787000000E-01   6.179592715800000E+01   2.000000000000000E+00
   3.632709285000000E-01   2.900916315100000E-01   1.578754566100000E+00   1.829659730200000E+00   1.777887446900000E-01   6.178851894500000E+01   2.000000000000000E+00
   3.651947978700000E-01   2.882770277500000E-01   1.579534291900000E+00   1.830701099800000E+00   1.779909075000000E-01   6.178101137300000E+01   2.000000000000000E+00
   3.671267377400000E-01   2.864513715400000E-01   1.580313923300000E+00   1.831746024600000E+00   1.781933274400000E-01   6.177340240700000E+01   2.000000000000000E+00
   3.690666935300000E-01   2.846094121300000E-01   1.581093432500000E+00   1.832790406300000E+00   1.783956945300000E-01   6.176568996800000E+01   2.000000000000000E+00
   3.710146109700000E-01   2.827613024300000E-01   1.581874154100000E+00   1.833823231400000E+00   1.785981195400000E-01   6.175787193900000E+01   2.000000000000000E+00
   3.729704360400000E-01   2.809018994900000E-01   1.582655051200000E+00   1.834856888300000E+00   1.788008117900000E-01   6.174994616000000E+01   2.000000000000000E+00
   3.749341150200000E-01   2.790311300300000E-01   1.583438388300000E+00   1.835931508800000E+00   1.790063517000000E-01   6.174191043000000E+01   2.000000000000000E+00
   3.769055944800000E-01   2.771488726300000E-01   1.584220798000000E+00   1.836980229800000E+00   1.792104361200000E-01   6.173376250300000E+01   2.000000000000000E+00
   3.788848212300000E-01   2.752550428000000E-01   1.585003645400000E+00   1.838029827200000E+00   1.794148009900000E-01   6.172550009300000E+01   2.000000000000000E+00
   3.808717423800000E-01   2.733622415700000E-01   1.585791019000000E+00   1.839057426700000E+00   1.796222826300000E-01   6.171712086700000E+01   2.000000000000000E+00
   3.828663052800000E-01   2.714454310300000E-01   1.586583863000000E+00   1.840126641600000E+00   1.798282058300000E-01   6.170862245100000E+01   2.000000000000000E+00
   3.848684575200000E-01   2.695168486900000E-01   1.587385169000000E+00   1.841196662200000E+00   1.800344242700000E-01   6.170000242300000E+01   2.000000000000000E+00
   3.868781469200000E-01   2.675625823500000E-01   1.588184482700000E+00   1.842275720400000E+00   1.802431855500000E-01   6.169125831700000E+01   2.000000000000000E+00
   3.888953215400000E-01   2.656091125400000E-01   1.588987301400000E+00   1.843341887800000E+00   1.804509480000000E-01   6.168238761900000E+01   2.000000000000000E+00
   3.909199296000000E-01   2.636434443200000E-01   1.589790661000000E+00   1.844409177500000E+00   1.806590220000000E-01   6.167338777000000E+01   2.000000000000000E+00
   3.929519195300000E-01   2.616678317400000E-01   1.590593815100000E+00   1.845455111700000E+00   1.808669217000000E-01   6.166425616400000E+01   2.000000000000000E+00
   3.949912399000000E-01   2.596781521100000E-01   1.591399002000000E+00   1.846523475100000E+00   1.810775759600000E-01   6.165499014600000E+01   2.000000000000000E+00
   3.970378394400000E-01   2.576760539400000E-01   1.592204928500000E+00   1.847611395500000E+00   1.812885575200000E-01   6.164558701200000E+01   2.000000000000000E+00
   3.990916669600000E-01   2.556585192000000E-01   1.593012042700000E+00   1.848715570900000E+00   1.814992319900000E-01   6.163604400900000E+01   2.000000000000000E+00
   4.011526713600000E-01   2.536309538600000E-01   1.593820054500000E+00   1.849802039300000E+00   1.817099600700000E-01   6.162635833600000E+01   2.000000000000000E+00
   4.032208016100000E-01   2.515906590200000E-01   1.594628987500000E+00   1.850889731100000E+00   1.819210388000000E-01   6.161652713900000E+01   2.000000000000000E+00
   4.052960066700000E-01   2.495362760500000E-01   1.595440434900000E+00   1.851971754800000E+00   1.821356039400000E-01   6.160654751700000E+01   2.000000000000000E+00
   4.073782355000000E-01   2.474684704300000E-01   1.596251805100000E+00   1.853058209300000E+00   1.823492165500000E-01   6.159641651400000E+01   2.000000000000000E+00
   4.094674369800000E-01   2.453875274000000E-01   1.597064252700000E+00   1.854146159100000E+00   1.825631976400000E-01   6.158613112500000E+01   2.000000000000000E+00
   4.115635599300000E-01   2.432993963300000E-01   1.597880021900000E+00   1.855229421300000E+00   1.827768771300000E-01   6.157568829000000E+01   2.000000000000000E+00
   4.136665529800000E-01   2.411939703100000E-01   1.598695098000000E+00   1.856334255300000E+00   1.829912000100000E-01   6.156508490000000E+01   2.000000000000000E+00
   4.157763646100000E-01   2.390752670300000E-01   1.599511381800000E+00   1.857440319700000E+00   1.832059188800000E-01   6.155431779000000E+01   2.000000000000000E+00
   4.178929430300000E-01   2.369363051000000E-01   1.600330577000000E+00   1.858554470900000E+00   1.834218199400000E-01   6.154338374300000E+01   2.000000000000000E+00
   4.200162361500000E-01   2.347864759900000E-01   1.601149551300000E+00   1.859661697200000E+00   1.836394383700000E-01   6.153227948800000E+01   2.000000000000000E+00
   4.221461915600000E-01   2.326228635400000E-01   1.601973203000000E+00   1.860770326400000E+00   1.838574693300000E-01   6.152100170000000E+01   2.000000000000000E+00
   4.242827564100000E-01   2.304445216900000E-01   1.602800166800000E+00   1.861880687100000E+00   1.840745468800000E-01   6.150954700100000E+01   2.000000000000000E+00
   4.264258773600000E-01   2.282534198600000E-01   1.603628930900000E+00   1.862991653000000E+00   1.842938285800000E-01   6.149791195700000E+01   2.000000000000000E+00
   4.285755005500000E-01   2.260483041600000E-01   1.604458534800000E+00   1.864104149500000E+00   1.845135490900000E-01   6.148609308000000E+01   2.000000000000000E+00
   4.307315714600000E-01   2.238388612100000E-01   1.605287454900000E+00   1.865211742900000E+00   1.847328958700000E-01   6.147408682900000E+01   2.000000000000000E+00
   4.328940349100000E-01   2.216081558500000E-01   1.606118834600000E+00   1.866326045700000E+00   1.849538287500000E-01   6.146188960700000E+01   2.000000000000000E+00
   4.350628349100000E-01   2.193619941100000E-01   1.606951048500000E+00   1.867442027200000E+00   1.851752289600000E-01   6.144949776400000E+01   2.000000000000000E+00
   4.372379146200000E-01   2.170825145500000E-01   1.607782771600000E+00   1.868546061400000E+00   1.853937009600000E-01   6.143690759800000E+01   2.000000000000000E+00
   4.394192162400000E-01   2.148036786300000E-01   1.608616661900000E+00   1.869664375400000E+00   1.856162975700000E-01   6.142411534900000E+01   2.000000000000000E+00
   4.416066809100000E-01   2.125102986600000E-01   1.609451331300000E+00   1.870789097000000E+00   1.858401304900000E-01   6.141111720900000E+01   2.000000000000000E+00
   4.438002486400000E-01   2.102019677600000E-01   1.610286435000000E+00   1.871920366500000E+00   1.860658665600000E-01   6.139790931400000E+01   2.000000000000000E+00
   4.459998581600000E-01   2.078791671600000E-01   1.611122576200000E+00   1.873051971000000E+00   1.862903048700000E-01   6.138448775200000E+01   2.000000000000000E+00
   4.482054468500000E-01   2.055416629500000E-01   1.611959392800000E+00   1.874184775900000E+00   1.865152722200000E-01   6.137084855900000E+01   2.000000000000000E+00
   4.504169506200000E-01   2.031976222400000E-01   1.612796004500000E+00   1.875324735600000E+00   1.867396020600000E-01   6.135698772200000E+01   2.000000000000000E+00
   4.526343037600000E-01   2.008201775700000E-01   1.613634000200000E+00   1.876459603600000E+00   1.869652591700000E-01   6.134290117900000E+01   2.000000000000000E+00
   4.548574388500000E-01   1.984274735300000E-01   1.614472497700000E+00   1.877595671000000E+00   1.871914877800000E-01   6.132858482300000E+01   2.000000000000000E+00
   4.570862866400000E-01   1.960158886600000E-01   1.615310893600000E+00   1.878734054100000E+00   1.874187746800000E-01   6.131403450200000E+01   2.000000000000000E+00
   4.593207758500000E-01   1.935943790400000E-01   1.616150146300000E+00   1.879872402600000E+00   1.876477604300000E-01   6.129924602200000E+01   2.000000000000000E+00
   4.615608331100000E-01   1.911576197900000E-01   1.616989656300000E+00   1.881011882500000E+00   1.878773269200000E-01   6.128421514700000E+01   2.000000000000000E+00
   4.638063827600000E-01   1.887095683500000E-01   1.617828866300000E+00   1.882151283200000E+00   1.881085567100000E-01   6.126893760500000E+01   2.000000000000000E+00
   4.660573467300000E-01   1.862355344200000E-01   1.618672046600000E+00   1.883292939000000E+00   1.883387964100000E-01   6.125340908900000E+01   2.000000000000000E+00
   4.683136443500000E-01   1.837459952200000E-01   1.619518064300000E+00   1.884435589800000E+00   1.885696648200000E-01   6.123762525700000E+01   2.000000000000000E+00
   4.705751922400000E-01   1.812487704900000E-01   1.620364591500000E+00   1.885566942500000E+00   1.887999577400000E-01   6.122158174200000E+01   2.000000000000000E+00
   4.728419041100000E-01   1.787225495700000E-01   1.621211542400000E+00   1.886711362500000E+00   1.890329400400000E-01   6.120527415000000E+01   2.000000000000000E+00
   4.751136905900000E-01   1.761806938500000E-01   1.622058752900000E+00   1.887856502300000E+00   1.892665658300000E-01   6.118869806900000E+01   2.000000000000000E+00
   4.773904590700000E-01   1.736239582900000E-01   1.622905495500000E+00   1.889006144300000E+00   1.895015311800000E-01   6.117184906800000E+01   2.000000000000000E+00
   4.796721135300000E-01   1.710524825100000E-01   1.623752866300000E+00   1.890154374800000E+00   1.897362609200000E-01   6.115472270700000E+01   2.000000000000000E+00
   4.819585543400000E-01   1.684656278700000E-01   1.624600008900000E+00   1.891303633200000E+00   1.899716759900000E-01   6.113731453900000E+01   2.000000000000000E+00
   4.842496780800000E-01   1.658488006600000E-01   1.625446495900000E+00   1.892449253500000E+00   1.902078567200000E-01   6.111962011800000E+01   2.000000000000000E+00
   4.865453774000000E-01   1.632254141900000E-01   1.626292735600000E+00   1.893596985200000E+00   1.904447246200000E-01   6.110163500600000E+01   2.000000000000000E+00
   4.888455407700000E-01   1.605867681800000E-01   1.627138141700000E+00   1.894744913800000E+00   1.906823089900000E-01   6.108335477600000E+01   2.000000000000000E+00
   4.911500523200000E-01   1.579161329800000E-01   1.627982602700000E+00   1.895898517100000E+00   1.909189278400000E-01   6.106477502300000E+01   2.000000000000000E+00
   4.934587916700000E-01   1.552421183500000E-01   1.628825733700000E+00   1.897046799200000E+00   1.911584530400000E-01   6.104589137100000E+01   2.000000000000000E+00
   4.957716337400000E-01   1.525323999400000E-01   1.629667293000000E+00   1.898194920400000E+00   1.913986978100000E-01   6.102669948000000E+01   2.000000000000000E+00
   4.980884485500000E-01   1.498031376500000E-01   1.630508551100000E+00   1.899347278700000E+00   1.916406948700000E-01   6.100719505800000E+01   2.000000000000000E+00
   5.004091010600000E-01   1.470698293300000E-01   1.631346555900000E+00   1.900494950400000E+00   1.918821210900000E-01   6.098737386800000E+01   2.000000000000000E+00
   5.027334510200000E-01   1.443217112300000E-01   1.632183322500000E+00   1.901642009200000E+00   1.921243103900000E-01   6.096723173800000E+01   2.000000000000000E+00
   5.050613527400000E-01   1.415307584600000E-01   1.633032455900000E+00   1.902792584300000E+00   1.923645449500000E-01   6.094676457500000E+01   2.000000000000000E+00
   5.073926550000000E-01   1.387281940900000E-01   1.633882772400000E+00   1.903950183100000E+00   1.926086303800000E-01   6.092596837300000E+01   2.000000000000000E+00
   5.097272008600000E-01   1.359107942500000E-01   1.634730518600000E+00   1.905107461700000E+00   1.928534575200000E-01   6.090483922600000E+01   2.000000000000000E+00
   5.120648275600000E-01   1.330887406400000E-01   1.635574413100000E+00   1.906267123200000E+00   1.930997814700000E-01   6.088337334300000E+01   2.000000000000000E+00
   5.144053663600000E-01   1.302312864900000E-01   1.636416857600000E+00   1.907422724300000E+00   1.933460766500000E-01   6.086156705600000E+01   2.000000000000000E+00
   5.167486424500000E-01   1.273473612100000E-01   1.637255588200000E+00   1.908577325700000E+00   1.935931226300000E-01   6.083941683900000E+01   2.000000000000000E+00
   5.190944748900000E-01   1.244501924000000E-01   1.638092341300000E+00   1.909731536000000E+00   1.938423385300000E-01   6.081691932000000E+01   2.000000000000000E+00
   5.214426764600000E-01   1.215352556800000E-01   1.638923678300000E+00   1.910883115100000E+00   1.940908426300000E-01   6.079407129500000E+01   2.000000000000000E+00
   5.237930536800000E-01   1.186069352200000E-01   1.639750001200000E+00   1.912032915200000E+00   1.943401092300000E-01   6.077086974600000E+01   2.000000000000000E+00
   5.261454067700000E-01   1.156549086600000E-01   1.640586051500000E+00   1.913179313800000E+00   1.945889501200000E-01   6.074731185200000E+01   2.000000000000000E+00
   5.284995296100000E-01   1.126726056900000E-01   1.641431422700000E+00   1.914323110100000E+00   1.948397063600000E-01   6.072339501000000E+01   2.000000000000000E+00
   5.308552097800000E-01   1.096775933700000E-01   1.642271232800000E+00   1.915464178600000E+00   1.950911845400000E-01   6.069911684900000E+01   2.000000000000000E+00
   5.332122285799999E-01   1.066740092500000E-01   1.643103280400000E+00   1.916574036100000E+00   1.953396159000000E-01   6.067447524600000E+01   2.000000000000000E+00
   5.355703611400000E-01   1.036296981200000E-01   1.643934670700000E+00   1.917724575100000E+00   1.955926974100000E-01   6.064946834400000E+01   2.000000000000000E+00
   5.379293764600001E-01   1.005737664100000E-01   1.644758935900000E+00   1.918875983600000E+00   1.958465620800000E-01   6.062409456800000E+01   2.000000000000000E+00
   5.402890375600000E-01   9.750234038000000E-02   1.645585650300000E+00   1.920030997400000E+00   1.961129206500000E-01   6.059835264300000E+01   2.000000000000000E+00
   5.426491015700000E-01   9.440357467200000E-02   1.646400239300000E+00   1.921173291600000E+00   1.963817129700000E-01   6.057224160800000E+01   2.000000000000000E+00
   5.450093199300000E-01   9.129475706200001E-02   1.647218140700000E+00   1.922311476100000E+00   1.966518220100000E-01   6.054576083500000E+01   2.000000000000000E+00
   5.473694385300000E-01   8.815616003399999E-02   1.648044240500000E+00   1.923437629600000E+00   1.969238926700000E-01   6.051891004500000E+01   2.000000000000000E+00
   5.497291978700000E-01   8.501452483700001E-02   1.648855714400000E+00   1.924560975900000E+00   1.971969218200000E-01   6.049168932300000E+01   2.000000000000000E+00
   5.520883332600000E-01   8.183072472800000E-02   1.649684762800000E+00   1.925678840500000E+00   1.974713802200000E-01   6.046409913300000E+01   2.000000000000000E+00
   5.544465749300000E-01   7.863200949800001E-02   1.650497256200000E+00   1.926810773100000E+00   1.977438829200000E-01   6.043614033400000E+01   2.000000000000000E+00
   5.568036482299999E-01   7.541365255900000E-02   1.651293200900000E+00   1.927944514400000E+00   1.980218800800000E-01   6.040781419700000E+01   2.000000000000000E+00
   5.591592736600000E-01   7.218880566700001E-02   1.652113269100000E+00   1.929072277400000E+00   1.983013661200000E-01   6.037912241200000E+01   2.000000000000000E+00
   5.615131669400000E-01   6.892796192400000E-02   1.652927555400000E+00   1.930186775200000E+00   1.985852636500000E-01   6.035006711000000E+01   2.000000000000000E+00
   5.638650389800000E-01   6.567176513100000E-02   1.653722974900000E+00   1.931292073300000E+00   1.988676210400000E-01   6.032065086900000E+01   2.000000000000000E+00
   5.662145957300000E-01   6.236036907900000E-02   1.654506566500000E+00   1.932389795000000E+00   1.991516311500000E-01   6.029087673400000E+01   2.000000000000000E+00
   5.685615378500000E-01   5.904428722600000E-02   1.655319512800000E+00   1.933511779700000E+00   1.994333196300000E-01   6.026074822400000E+01   2.000000000000000E+00
   5.709055603199999E-01   5.572279605800000E-02   1.656118737300000E+00   1.934626268800000E+00   1.997206522800000E-01   6.023026935100000E+01   2.000000000000000E+00
   5.732463517200000E-01   5.237087684500000E-02   1.656902921200000E+00   1.935732491200000E+00   2.000098041900000E-01   6.019944463100000E+01   2.000000000000000E+00
   5.755835932900000E-01   4.899693028800000E-02   1.657682780000000E+00   1.936800773500000E+00   2.003004128900000E-01   6.016827910100000E+01   2.000000000000000E+00
   5.779169576900000E-01   4.561950191000000E-02   1.658462288300000E+00   1.937883771600000E+00   2.005930413700000E-01   6.013677834200000E+01   2.000000000000000E+00
   5.802461073200000E-01   4.219829161700000E-02   1.659254164800000E+00   1.938990368800000E+00   2.008874202800000E-01   6.010494849200000E+01   2.000000000000000E+00
   5.825706921700000E-01   3.877365098100000E-02   1.660025419600000E+00   1.940094288800000E+00   2.011878720600000E-01   6.007279628100000E+01   2.000000000000000E+00
   5.848903471600000E-01   3.534583479000000E-02   1.660801275400000E+00   1.941166724700000E+00   2.014860329200000E-01   6.004032905900000E+01   2.000000000000000E+00
   5.872046888000000E-01   3.187765827600000E-02   1.661558507900000E+00   1.942228229700000E+00   2.017860112200000E-01   6.000755483600000E+01   2.000000000000000E+00
   5.895133110200000E-01   2.840973622800000E-02   1.662324837500000E+00   1.943313743400000E+00   2.020882831000000E-01   5.997448233400000E+01   2.000000000000000E+00
   5.918157802200000E-01   2.490978937400000E-02   1.663088334100000E+00   1.944383920100000E+00   2.023919065000000E-01   5.994112104500000E+01   2.000000000000000E+00
   5.941116292400000E-01   2.139837065000000E-02   1.663831520700000E+00   1.945442111100000E+00   2.026972751200000E-01   5.990748131000000E+01   2.000000000000000E+00
   5.964003500900000E-01   1.787862467000000E-02   1.664584972200000E+00   1.946454028500000E+00   2.030057452500000E-01   5.987357441100000E+01   2.000000000000000E+00
   5.986813855400001E-01   1.435127319700000E-02   1.665333629300000E+00   1.947522614100000E+00   2.033146351100000E-01   5.983941269000000E+01   2.000000000000000E+00
   6.009541190800000E-01   1.078759197100000E-02   1.666060431400000E+00   1.948578019600000E+00   2.036250484200000E-01   5.980500968400000E+01   2.000000000000000E+00
   6.032178634799999E-01   7.236115079700000E-03   1.666788223800000E+00   1.949596801100000E+00   2.039368527300000E-01   5.977038029600000E+01   2.000000000000000E+00
   6.054718475200001E-01   3.653003134800000E-03   1.667531129200000E+00   1.950602533300000E+00   2.042498689300000E-01   5.973554099500000E+01   2.000000000000000E+00
   6.077152012100000E-01   8.912816113300000E-05   1.668250790600000E+00   1.951637920300000E+00   2.045647458100000E-01   5.970051004600000E+01   2.000000000000000E+00
   6.099469392800000E-01  -3.501812001200000E-03   1.668962683700000E+00   1.952680582000000E+00   2.048874649700000E-01   5.966530778300000E+01   2.000000000000000E+00
   6.121659433500000E-01  -7.112128171500000E-03   1.669657691700000E+00   1.953677461400000E+00   2.052052167600000E-01   5.962995691200000E+01   2.000000000000000E+00
   6.143709430299999E-01  -1.070562820700000E-02   1.670376499100000E+00   1.954658335500000E+00   2.055232559100000E-01   5.959448284800000E+01   2.000000000000000E+00
   6.165604968000000E-01  -1.430015297100000E-02   1.671072387400000E+00   1.955665486700000E+00   2.058402959200000E-01   5.955891407200000E+01   2.000000000000000E+00
   6.187329734600000E-01  -1.790548283600000E-02   1.671747148300000E+00   1.956643551500000E+00   2.061572092500000E-01   5.952328250400000E+01   2.000000000000000E+00
   6.208865357500000E-01  -2.147257178900000E-02   1.672422422100000E+00   1.957603757100000E+00   2.064728619500000E-01   5.948762386400000E+01   2.000000000000000E+00
   6.230191277400000E-01  -2.506743788800000E-02   1.673103669100000E+00   1.958540052700000E+00   2.067950099100000E-01   5.945197799000000E+01   2.000000000000000E+00
   6.251284684700000E-01  -2.863352559600000E-02   1.673750648800000E+00   1.959492961300000E+00   2.071110712000000E-01   5.941638908100000E+01   2.000000000000000E+00
   6.272120542100000E-01  -3.216211804400000E-02   1.674396196500000E+00   1.960425509700000E+00   2.074239300400000E-01   5.938090581900000E+01   2.000000000000000E+00
   6.292671721799999E-01  -3.569322888700000E-02   1.675044834700000E+00   1.961302094000000E+00   2.077318559000000E-01   5.934558130900000E+01   2.000000000000000E+00
   6.312909281400000E-01  -3.915832056100000E-02   1.675669456600000E+00   1.962186380200000E+00   2.080384805000000E-01   5.931047279500000E+01   2.000000000000000E+00
   6.332802897900000E-01  -4.262167557800000E-02   1.676269085600000E+00   1.963080428000000E+00   2.083390302100000E-01   5.927564109400000E+01   2.000000000000000E+00
   6.352321464600000E-01  -4.600517319200000E-02   1.676859528900000E+00   1.963963175000000E+00   2.086312874600000E-01   5.924114973900000E+01   2.000000000000000E+00
   6.371433840600000E-01  -4.936197561000000E-02   1.677450124900000E+00   1.964794981800000E+00   2.089154586700000E-01   5.920706380300000E+01   2.000000000000000E+00
   6.390109719700000E-01  -5.264700150900000E-02   1.678026080300000E+00   1.965602542700000E+00   2.091950684900000E-01   5.917344846800000E+01   2.000000000000000E+00
   6.408320565700000E-01  -5.584557839800000E-02   1.678573946200000E+00   1.966368152200000E+00   2.094629861600000E-01   5.914036739500000E+01   2.000000000000000E+00
   6.426040543700000E-01  -5.901165057100000E-02   1.679110823100000E+00   1.967148220800000E+00   2.097259329000000E-01   5.910788101700000E+01   2.000000000000000E+00
   6.443247369300000E-01  -6.207538968900000E-02   1.679624424400000E+00   1.967900610500000E+00   2.099776708300000E-01   5.907604488800000E+01   2.000000000000000E+00
   6.459923001800000E-01  -6.506005900500000E-02   1.680120539600000E+00   1.968639579300000E+00   2.102153681300000E-01   5.904490822600000E+01   2.000000000000000E+00
   6.476054125300000E-01  -6.793683158300000E-02   1.680593619200000E+00   1.969331490800000E+00   2.104406420500000E-01   5.901451276400000E+01   2.000000000000000E+00
   6.491632383700000E-01  -7.074684112700000E-02   1.681046578100000E+00   1.969997061400000E+00   2.106508986700000E-01   5.898489200300000E+01   2.000000000000000E+00
   6.506654368300000E-01  -7.345842876200000E-02   1.681495809400000E+00   1.970626884300000E+00   2.108460771800000E-01   5.895607088200000E+01   2.000000000000000E+00
   6.521121381400000E-01  -7.607447599500000E-02   1.681924257600000E+00   1.971240120900000E+00   2.110338644500000E-01   5.892806586300000E+01   2.000000000000000E+00
   6.535039019800000E-01  -7.858010549100000E-02   1.682333142300000E+00   1.971828819000000E+00   2.112055366800000E-01   5.890088536900000E+01   2.000000000000000E+00
   6.548416633400000E-01  -8.100136253000000E-02   1.682725004000000E+00   1.972376989000000E+00   2.113610078300000E-01   5.887453049300000E+01   2.000000000000000E+00
   6.561266713100000E-01  -8.333764043700000E-02   1.683097297300000E+00   1.972918856600000E+00   2.115040505600000E-01   5.884899588200000E+01   2.000000000000000E+00
   6.573604261100000E-01  -8.557032509800000E-02   1.683453041100000E+00   1.973438461100000E+00   2.116308335900000E-01   5.882427071900000E+01   2.000000000000000E+00
   6.585446180300000E-01  -8.771512021600000E-02   1.683792967500000E+00   1.973920203000000E+00   2.117440894400000E-01   5.880033971800000E+01   2.000000000000000E+00
   6.596810714500000E-01  -8.976751536800000E-02   1.684117726500000E+00   1.974398461400000E+00   2.118402385100000E-01   5.877718407600000E+01   2.000000000000000E+00
   6.607716953300000E-01  -9.172769860100000E-02   1.684427863400000E+00   1.974856653500000E+00   2.119318206500000E-01   5.875478235100000E+01   2.000000000000000E+00
   6.618184412100000E-01  -9.362222114200000E-02   1.684723853900000E+00   1.975294983600000E+00   2.120037761700000E-01   5.873311123200000E+01   2.000000000000000E+00
   6.628232686300000E-01  -9.543440984100000E-02   1.685006057000000E+00   1.975714832800000E+00   2.120670399500000E-01   5.871214620200000E+01   2.000000000000000E+00
   6.637881176000000E-01  -9.716542353099999E-02   1.685274784000000E+00   1.976116289100000E+00   2.121194999300000E-01   5.869186208400000E+01   2.000000000000000E+00
   6.647148873299999E-01  -9.880089650000000E-02   1.685531024200000E+00   1.976504420600000E+00   2.121568985800000E-01   5.867223349200000E+01   2.000000000000000E+00
   6.656054205200000E-01  -1.003921808000000E-01   1.685773655500000E+00   1.976868317700000E+00   2.121795226200000E-01   5.865323518000000E+01   2.000000000000000E+00
   6.664614922100000E-01  -1.019221876800000E-01   1.686003352100000E+00   1.977214996200000E+00   2.121922492700000E-01   5.863484231800000E+01   2.000000000000000E+00
   6.672848023800000E-01  -1.033651176100000E-01   1.686236483500000E+00   1.977541644200000E+00   2.122011817500000E-01   5.861703068800000E+01   2.000000000000000E+00
   6.680769715800000E-01  -1.047689056300000E-01   1.686461870200000E+00   1.977853205900000E+00   2.121929406100000E-01   5.859977683700000E+01   2.000000000000000E+00
   6.688395389400000E-01  -1.061114508000000E-01   1.686676024400000E+00   1.978148486300000E+00   2.121721413000000E-01   5.858305817300000E+01   2.000000000000000E+00
   6.695739619400000E-01  -1.073982300900000E-01   1.686878425400000E+00   1.978421217700000E+00   2.121490533700000E-01   5.856685302800000E+01   2.000000000000000E+00
   6.702816175600000E-01  -1.086264394900000E-01   1.687066663400000E+00   1.978693733100000E+00   2.121101067400000E-01   5.855114069300000E+01   2.000000000000000E+00
   6.709638043800000E-01  -1.098020839800000E-01   1.687243055800000E+00   1.978980441100000E+00   2.120595706800000E-01   5.853590143100000E+01   2.000000000000000E+00
   6.716217453900000E-01  -1.109274406100000E-01   1.687426628500000E+00   1.979267380100000E+00   2.120098306400000E-01   5.852111646900000E+01   2.000000000000000E+00
   6.722565912300000E-01  -1.120048918100000E-01   1.687601435400000E+00   1.979520326400000E+00   2.119429208900000E-01   5.850676798300000E+01   2.000000000000000E+00
   6.728694236800000E-01  -1.130368330700000E-01   1.687764790200000E+00   1.979759384400000E+00   2.118673697000000E-01   5.849283907000000E+01   2.000000000000000E+00
   6.734612593500000E-01  -1.140164769600000E-01   1.687922230200000E+00   1.979968151800000E+00   2.117889260400000E-01   5.847931371500000E+01   2.000000000000000E+00
   6.740330533300000E-01  -1.149659804800000E-01   1.688069556400000E+00   1.980172054800000E+00   2.116981266500000E-01   5.846617675600000E+01   2.000000000000000E+00
   6.745857028700000E-01  -1.158749940700000E-01   1.688204908900000E+00   1.980373970400000E+00   2.116053316700000E-01   5.845341384500000E+01   2.000000000000000E+00
   6.751200508700000E-01  -1.167361246000000E-01   1.688344943300000E+00   1.980619350300000E+00   2.115025836700000E-01   5.844101140400000E+01   2.000000000000000E+00
   6.756368893800000E-01  -1.175679006500000E-01   1.688471420100000E+00   1.980821533600000E+00   2.113911671300000E-01   5.842895658900000E+01   2.000000000000000E+00
   6.761369628200000E-01  -1.183646063700000E-01   1.688614173600000E+00   1.981010822700000E+00   2.112704703300000E-01   5.841723724700000E+01   2.000000000000000E+00
   6.766209710900000E-01  -1.191442799000000E-01   1.688742926000000E+00   1.981173133600000E+00   2.111454977400000E-01   5.840584188000000E+01   2.000000000000000E+00
   6.770895725100000E-01  -1.198741646600000E-01   1.688865281700000E+00   1.981329504100000E+00   2.110094639100000E-01   5.839475960300000E+01   2.000000000000000E+00
   6.775433865600000E-01  -1.205723162900000E-01   1.688975248200000E+00   1.981495587100000E+00   2.108714671200000E-01   5.838398011200000E+01   2.000000000000000E+00
   6.779829964800000E-01  -1.212237999600000E-01   1.689078289400000E+00   1.981696455600000E+00   2.107272071000000E-01   5.837349364900000E+01   2.000000000000000E+00
   6.784089516500000E-01  -1.218632244500000E-01   1.689179333700000E+00   1.981855238200000E+00   2.105782935700000E-01   5.836329096500000E+01   2.000000000000000E+00
   6.788217698800000E-01  -1.224742369000000E-01   1.689296513000000E+00   1.982001534800000E+00   2.104212080600000E-01   5.835336329700000E+01   2.000000000000000E+00
   6.792219394400000E-01  -1.230558948700000E-01   1.689400812100000E+00   1.982109321500000E+00   2.102575398600000E-01   5.834370233100000E+01   2.000000000000000E+00
   6.796099210600000E-01  -1.236127858000000E-01   1.689493978700000E+00   1.982269336400000E+00   2.100863536100000E-01   5.833430018100000E+01   2.000000000000000E+00
   6.799861497300000E-01  -1.241436829600000E-01   1.689573889700000E+00   1.982417240400000E+00   2.099076729000000E-01   5.832514936100000E+01   2.000000000000000E+00
   6.803510363300000E-01  -1.246448938700000E-01   1.689664910400000E+00   1.982547019300000E+00   2.099255601800000E-01   5.831624275900000E+01   2.000000000000000E+00
   6.807049692600000E-01  -1.251266259800000E-01   1.689761210000000E+00   1.982657749600000E+00   2.099406407800000E-01   5.830757361900000E+01   2.000000000000000E+00
   6.810483158300000E-01  -1.255843640700000E-01   1.689844135100000E+00   1.982755986800000E+00   2.099546282200000E-01   5.829913551700000E+01   2.000000000000000E+00
   6.813814235900000E-01  -1.260174618000000E-01   1.689899306300000E+00   1.982903076600000E+00   2.099615229200000E-01   5.829092234400000E+01   2.000000000000000E+00
   6.817046216300000E-01  -1.264292716600000E-01   1.689993245400000E+00   1.983022242800000E+00   2.099714280400000E-01   5.828292828500000E+01   2.000000000000000E+00
   6.820182216900000E-01  -1.268186703500000E-01   1.690073697700000E+00   1.983129219600000E+00   2.099840308800000E-01   5.827514780300000E+01   2.000000000000000E+00
   6.823225192100000E-01  -1.271809615700000E-01   1.690139568700000E+00   1.983179994100000E+00   2.099946842600000E-01   5.826757562600000E+01   2.000000000000000E+00
   6.826177944000000E-01  -1.275301114600000E-01   1.690191071200000E+00   1.983301190500000E+00   2.100058676900000E-01   5.826020672700000E+01   2.000000000000000E+00
   6.829043130500000E-01  -1.278582629300000E-01   1.690268596000000E+00   1.983413650400000E+00   2.100175242800000E-01   5.825303631500000E+01   2.000000000000000E+00
   6.831823275000000E-01  -1.281645476800000E-01   1.690332065400000E+00   1.983511746800000E+00   2.100308223200000E-01   5.824605982100000E+01   2.000000000000000E+00
   6.834520773200000E-01  -1.284498646800000E-01   1.690400036600000E+00   1.983586031300000E+00   2.100395280800000E-01   5.823927288300000E+01   2.000000000000000E+00
   6.837137901700000E-01  -1.287150931800000E-01   1.690453455800000E+00   1.983647910700000E+00   2.100473079400000E-01   5.823267134100000E+01   2.000000000000000E+00
   6.839676823600001E-01  -1.289592032300000E-01   1.690500809300000E+00   1.983759767100000E+00   2.100526442900000E-01   5.822625121900000E+01   2.000000000000000E+00
   6.842139596100000E-01  -1.291982431500000E-01   1.690549108400000E+00   1.983842237400000E+00   2.100580365500000E-01   5.822000872200000E+01   2.000000000000000E+00
   6.844528175300000E-01  -1.294184491400000E-01   1.690614537900000E+00   1.983912453300000E+00   2.100625317100000E-01   5.821394022200000E+01   2.000000000000000E+00
   6.846844422700000E-01  -1.296104322500000E-01   1.690665704100000E+00   1.983955279400000E+00   2.100713324400000E-01   5.820804225400000E+01   2.000000000000000E+00
   6.849090109800000E-01  -1.297851651500000E-01   1.690703500100000E+00   1.984040761400000E+00   2.100750813400000E-01   5.820231150400000E+01   2.000000000000000E+00
   6.851266923100000E-01  -1.299413886100000E-01   1.690736138400000E+00   1.984114058200000E+00   2.100779613200000E-01   5.819674480400000E+01   2.000000000000000E+00
   6.853376468300000E-01  -1.301050845600000E-01   1.690797237900000E+00   1.984150311300000E+00   2.100877763800000E-01   5.819133912400000E+01   2.000000000000000E+00
   6.855420275000000E-01  -1.302302800000000E-01   1.690838234900000E+00   1.984181056800000E+00   2.100928941000000E-01   5.818609156600000E+01   2.000000000000000E+00
   6.857399800300000E-01  -1.303525534100000E-01   1.690863621400000E+00   1.984255546300000E+00   2.100971743200000E-01   5.818099935900000E+01   2.000000000000000E+00
   6.859316432200000E-01  -1.304748830200000E-01   1.690914104800000E+00   1.984339716400000E+00   2.100993085100000E-01   5.817605985000000E+01   2.000000000000000E+00
   6.861171493600000E-01  -1.305634526100000E-01   1.690945474900000E+00   1.984382626500000E+00   2.101009601000000E-01   5.817127050200000E+01   2.000000000000000E+00
   6.862966244800000E-01  -1.306348554200000E-01   1.690960905200000E+00   1.984413069500000E+00   2.101017848400000E-01   5.816662888800000E+01   2.000000000000000E+00
   6.864701887200000E-01  -1.306951142300000E-01   1.690989809500000E+00   1.984463677900000E+00   2.101024538600000E-01   5.816213268700000E+01   2.000000000000000E+00
   6.866379565300000E-01  -1.307354769100000E-01   1.691035808500000E+00   1.984516403500000E+00   2.101022653200000E-01   5.815777967700000E+01   2.000000000000000E+00
   6.868000370200000E-01  -1.307589426300000E-01   1.691069621700000E+00   1.984556745100000E+00   2.101060367600000E-01   5.815356773400000E+01   2.000000000000000E+00
   6.869565341100000E-01  -1.307700523500000E-01   1.691094343200000E+00   1.984545792500000E+00   2.101094075800000E-01   5.814949482500000E+01   2.000000000000000E+00
   6.871075468400000E-01  -1.307853606800000E-01   1.691105570500000E+00   1.984596494600000E+00   2.101114747400000E-01   5.814555900900000E+01   2.000000000000000E+00
   6.872531695200000E-01  -1.307844195100000E-01   1.691127016700000E+00   1.984646086600000E+00   2.101127450300000E-01   5.814175842900000E+01   2.000000000000000E+00
   6.873934919900000E-01  -1.307441921700000E-01   1.691158625900000E+00   1.984671326100000E+00   2.101108020500000E-01   5.813809131100000E+01   2.000000000000000E+00
   6.875285997300000E-01  -1.307207945800000E-01   1.691180923600000E+00   1.984675690700000E+00   2.101116944000000E-01   5.813455596100000E+01   2.000000000000000E+00
   6.876585741400000E-01  -1.306813591000000E-01   1.691186652900000E+00   1.984694833200000E+00   2.101117961800000E-01   5.813115076000000E+01   2.000000000000000E+00
   6.877834926000000E-01  -1.305988152400000E-01   1.691199183000000E+00   1.984752101500000E+00   2.101052497500000E-01   5.812787416600000E+01   2.000000000000000E+00
   6.879034287000000E-01  -1.305389463300000E-01   1.691227711600000E+00   1.984759772300000E+00   2.101059492400000E-01   5.812472470700000E+01   2.000000000000000E+00
   6.879571628100000E-01  -1.305059966900000E-01   1.691235287800000E+00   1.984759044600000E+00   2.101060073400000E-01   5.812331254900000E+01   2.000000000000000E+00
   6.881245174500000E-01  -1.303627638400000E-01   1.691230204900000E+00   1.984784655600000E+00   2.101035129900000E-01   5.811890992200000E+01   3.000000000000000E+00
   6.882811093800000E-01  -1.301827286100000E-01   1.691266551800000E+00   1.984817512600000E+00   2.101016356900000E-01   5.811478431000000E+01   3.000000000000000E+00

