   1.060744812500000E+00   6.182492449100000E-02   1.674040612300000E+00   1.932330026800000E+00   1.217850546900000E-01   1.484015174200000E+01   3.000000000000000E+00
   1.060744258900000E+00   6.076404671100000E-02   1.674254298600000E+00   1.932648184100000E+00   1.220057086900000E-01   1.484014044100000E+01   3.000000000000000E+00
   1.060741356100000E+00   5.917733066000000E-02   1.674572261400000E+00   1.933122214900000E+00   1.223378074000000E-01   1.484008110500000E+01   3.000000000000000E+00
   1.060732337800000E+00   5.680903552400000E-02   1.675041423800000E+00   1.933826534800000E+00   1.228333403000000E-01   1.483989678900000E+01   3.000000000000000E+00
   1.060708321800000E+00   5.331894299800000E-02   1.675737763500000E+00   1.934865305200000E+00   1.235968693000000E-01   1.483940619000000E+01   3.000000000000000E+00
   1.060671736200000E+00   4.985333621000000E-02   1.676418217500000E+00   1.935883904500000E+00   1.243666766400000E-01   1.483865947500000E+01   3.000000000000000E+00
   1.060622609100000E+00   4.639359524400000E-02   1.677085839400000E+00   1.936881472300000E+00   1.251325766100000E-01   1.483765803300000E+01   3.000000000000000E+00
   1.060560977900000E+00   4.298891554900000E-02   1.677737595000000E+00   1.937858429600000E+00   1.259231474900000E-01   1.483640371000000E+01   3.000000000000000E+00
   1.060486889000000E+00   3.963134162000000E-02   1.678373111300000E+00   1.938814329000000E+00   1.267191097600000E-01   1.483489879600000E+01   3.000000000000000E+00
   1.060400397900000E+00   3.632454307000000E-02   1.679002449400000E+00   1.939746672600000E+00   1.275181399900000E-01   1.483314601600000E+01   3.000000000000000E+00
   1.060301568600000E+00   3.302046475600000E-02   1.679609745700000E+00   1.940659232900000E+00   1.283208452100000E-01   1.483114850700000E+01   3.000000000000000E+00
   1.060190473700000E+00   2.976664000700000E-02   1.680200587600000E+00   1.941550052000000E+00   1.291279615800000E-01   1.482890979900000E+01   3.000000000000000E+00
   1.060067193400000E+00   2.656937156100000E-02   1.680791002100000E+00   1.942457606200000E+00   1.299607660000000E-01   1.482643379200000E+01   3.000000000000000E+00
   1.059931816000000E+00   2.342388090700000E-02   1.681353468700000E+00   1.943351804600000E+00   1.307848887400000E-01   1.482372473100000E+01   3.000000000000000E+00
   1.059784436400000E+00   2.029547213500000E-02   1.681899361000000E+00   1.944224681600000E+00   1.316123475300000E-01   1.482078717600000E+01   3.000000000000000E+00
   1.059625156800000E+00   1.719733523500000E-02   1.682457392700000E+00   1.945078634400000E+00   1.324542749600000E-01   1.481762598200000E+01   3.000000000000000E+00
   1.059454085000000E+00   1.416965768800000E-02   1.682976642900000E+00   1.945907467500000E+00   1.332977362200000E-01   1.481424626000000E+01   3.000000000000000E+00
   1.059271335000000E+00   1.119592214900000E-02   1.683500143000000E+00   1.946714681100000E+00   1.341434177800000E-01   1.481065335900000E+01   3.000000000000000E+00
   1.059077025700000E+00   8.223937668299999E-03   1.684004542700000E+00   1.947498855900000E+00   1.349791105000000E-01   1.480685282600000E+01   3.000000000000000E+00
   1.058871280600000E+00   5.321795687600000E-03   1.684498165800000E+00   1.948261299800000E+00   1.358404527900000E-01   1.480285038700000E+01   3.000000000000000E+00
   1.058654227600000E+00   2.474137853000000E-03   1.684991992200000E+00   1.949001964000000E+00   1.367032105400000E-01   1.479865190900000E+01   3.000000000000000E+00
   1.058425997700000E+00  -3.322532472900000E-04   1.685449391800000E+00   1.949714839400000E+00   1.375544950000000E-01   1.479426337800000E+01   3.000000000000000E+00
   1.058186725200000E+00  -3.116538573100000E-03   1.685919113500000E+00   1.950410454900000E+00   1.384242528100000E-01   1.478969086900000E+01   3.000000000000000E+00
   1.057936546700000E+00  -5.846473810600000E-03   1.686373220300000E+00   1.951129248900000E+00   1.392940461800000E-01   1.478494052200000E+01   3.000000000000000E+00
   1.057675600800000E+00  -8.524852987900001E-03   1.686806237500000E+00   1.951842134600000E+00   1.401635867700000E-01   1.478001851500000E+01   3.000000000000000E+00
   1.057404027300000E+00  -1.116234683400000E-02   1.687233806400000E+00   1.952528212300000E+00   1.410323076300000E-01   1.477493104200000E+01   3.000000000000000E+00
   1.057121967300000E+00  -1.374646140700000E-02   1.687645834900000E+00   1.953193470200000E+00   1.419000740700000E-01   1.476968429000000E+01   3.000000000000000E+00
   1.056829561700000E+00  -1.630299914300000E-02   1.688045411700000E+00   1.953837904400000E+00   1.427640025900000E-01   1.476428442100000E+01   3.000000000000000E+00
   1.056526951900000E+00  -1.880088722400000E-02   1.688435801300000E+00   1.954459299300000E+00   1.436414710400000E-01   1.475873755000000E+01   3.000000000000000E+00
   1.056214278600000E+00  -2.124688456300000E-02   1.688810814700000E+00   1.955059983500000E+00   1.445170604000000E-01   1.475304973300000E+01   3.000000000000000E+00
   1.055891681500000E+00  -2.366256938000000E-02   1.689181722000000E+00   1.955633416700000E+00   1.453791377300000E-01   1.474722694700000E+01   3.000000000000000E+00
   1.055559299100000E+00  -2.605690885300000E-02   1.689532736800000E+00   1.956190856000000E+00   1.462569755000000E-01   1.474127507900000E+01   3.000000000000000E+00
   1.055217268500000E+00  -2.840089930000000E-02   1.689868464600000E+00   1.956771490100000E+00   1.471321177400000E-01   1.473519991500000E+01   3.000000000000000E+00
   1.054865724500000E+00  -3.069517512800000E-02   1.690220088900000E+00   1.957358668600000E+00   1.480039984300000E-01   1.472900712900000E+01   3.000000000000000E+00
   1.054504799900000E+00  -3.294052903400000E-02   1.690535551900000E+00   1.957914217800000E+00   1.488712081700000E-01   1.472270227300000E+01   3.000000000000000E+00
   1.054134625100000E+00  -3.513790436300000E-02   1.690864458700000E+00   1.958450223400000E+00   1.497350264900000E-01   1.471629077200000E+01   3.000000000000000E+00
   1.053755327500000E+00  -3.731507868700000E-02   1.691173666100000E+00   1.958964387200000E+00   1.506079746900000E-01   1.470977791700000E+01   3.000000000000000E+00
   1.053367031700000E+00  -3.946493616200000E-02   1.691493469000000E+00   1.959458553200000E+00   1.514698822300000E-01   1.470316885900000E+01   3.000000000000000E+00
   1.052969859300000E+00  -4.156877414000000E-02   1.691798901100000E+00   1.959933363400000E+00   1.523277877400000E-01   1.469646861000000E+01   3.000000000000000E+00
   1.052563928500000E+00  -4.362523590900000E-02   1.692088049900000E+00   1.960383205600000E+00   1.531931169600000E-01   1.468968203400000E+01   3.000000000000000E+00
   1.052149354300000E+00  -4.565071382700000E-02   1.692370457800000E+00   1.960881296400000E+00   1.540557218600000E-01   1.468281385200000E+01   3.000000000000000E+00
   1.051726247900000E+00  -4.763265574800000E-02   1.692638476000000E+00   1.961360924500000E+00   1.549137892600000E-01   1.467586863600000E+01   3.000000000000000E+00
   1.051294717200000E+00  -4.957779589600000E-02   1.692904464700000E+00   1.961825633100000E+00   1.557652874100000E-01   1.466885081300000E+01   3.000000000000000E+00
   1.050854866400000E+00  -5.147851503000000E-02   1.693150970700000E+00   1.962264137400000E+00   1.566121722200000E-01   1.466176466500000E+01   3.000000000000000E+00
   1.050406795800000E+00  -5.335223030900000E-02   1.693386734900000E+00   1.962684339300000E+00   1.574541054500000E-01   1.465461432800000E+01   3.000000000000000E+00
   1.049950602300000E+00  -5.522191568600000E-02   1.693630427200000E+00   1.963070061800000E+00   1.583099750700000E-01   1.464740379800000E+01   3.000000000000000E+00
   1.049486378900000E+00  -5.702357860800000E-02   1.693886992700000E+00   1.963448031400000E+00   1.591479479200000E-01   1.464013693000000E+01   3.000000000000000E+00
   1.049014214700000E+00  -5.878968745100000E-02   1.694129766500000E+00   1.963871103400000E+00   1.599806107000000E-01   1.463281744100000E+01   3.000000000000000E+00
   1.048534195400000E+00  -6.055596719900000E-02   1.694356077900000E+00   1.964295584500000E+00   1.608181587400000E-01   1.462544891700000E+01   3.000000000000000E+00
   1.048046402700000E+00  -6.225771373800000E-02   1.694577744400000E+00   1.964688706400000E+00   1.616496915000000E-01   1.461803481000000E+01   3.000000000000000E+00
   1.047550914800000E+00  -6.395202701100000E-02   1.694785527600000E+00   1.965064448500000E+00   1.624836823600000E-01   1.461057844900000E+01   3.000000000000000E+00
   1.047047806100000E+00  -6.562478098500001E-02   1.694994867800000E+00   1.965414829600000E+00   1.633134663800000E-01   1.460308303600000E+01   3.000000000000000E+00
   1.046537147400000E+00  -6.725315613100000E-02   1.695200520700000E+00   1.965750503600000E+00   1.641328930500000E-01   1.459555165600000E+01   3.000000000000000E+00
   1.046019006200000E+00  -6.884709179400000E-02   1.695392427900000E+00   1.966068928900000E+00   1.649464715300000E-01   1.458798727800000E+01   3.000000000000000E+00
   1.045493446100000E+00  -7.040083095000001E-02   1.695586935800000E+00   1.966440956500000E+00   1.657617676100000E-01   1.458039275900000E+01   3.000000000000000E+00
   1.044960527600000E+00  -7.192677039299999E-02   1.695764128400000E+00   1.966794514100000E+00   1.665736060800000E-01   1.457277084900000E+01   3.000000000000000E+00
   1.044420307700000E+00  -7.345524935099999E-02   1.695927525100000E+00   1.967131456000000E+00   1.673793926100000E-01   1.456512419300000E+01   3.000000000000000E+00
   1.043596391700000E+00  -7.568336678800000E-02   1.696194436500000E+00   1.967599582700000E+00   1.685754230600000E-01   1.455361318200000E+01   3.000000000000000E+00
   1.042756322300000E+00  -7.785182064300000E-02   1.696453720200000E+00   1.968028406000000E+00   1.697702135700000E-01   1.454206022800000E+01   3.000000000000000E+00
   1.041900264200000E+00  -7.995298838900000E-02   1.696710205500000E+00   1.968464907900000E+00   1.709509430000000E-01   1.453047325400000E+01   3.000000000000000E+00
   1.041028354200000E+00  -8.198348019100000E-02   1.696931592900000E+00   1.968944241400000E+00   1.721228928800000E-01   1.451885957300000E+01   3.000000000000000E+00
   1.040140713800000E+00  -8.399257772400000E-02   1.697165105800000E+00   1.969358799400000E+00   1.732802367100000E-01   1.450722609800000E+01   3.000000000000000E+00
   1.039237450700000E+00  -8.594001021200000E-02   1.697368432200000E+00   1.969737529200000E+00   1.744238226200000E-01   1.449557937100000E+01   3.000000000000000E+00
   1.038318658800000E+00  -8.781119605500000E-02   1.697580342500000E+00   1.970135793100000E+00   1.755694572100000E-01   1.448392558400000E+01   3.000000000000000E+00
   1.037384419200000E+00  -8.966678952000000E-02   1.697754234100000E+00   1.970536812900000E+00   1.767079413700000E-01   1.447227060300000E+01   3.000000000000000E+00
   1.036434800100000E+00  -9.146590482800000E-02   1.697957489300000E+00   1.970903040000000E+00   1.778317275500000E-01   1.446061999500000E+01   3.000000000000000E+00
   1.035469857900000E+00  -9.321091174600001E-02   1.698142108100000E+00   1.971207419200000E+00   1.789345935800000E-01   1.444897904400000E+01   3.000000000000000E+00
   1.034489637400000E+00  -9.490315436500001E-02   1.698321302200000E+00   1.971567849900000E+00   1.800351606100000E-01   1.443735277200000E+01   3.000000000000000E+00
   1.033494172300000E+00  -9.654407019500000E-02   1.698470574600000E+00   1.971935482300000E+00   1.811316252500000E-01   1.442574596300000E+01   3.000000000000000E+00
   1.032483486000000E+00  -9.815021430100000E-02   1.698623514200000E+00   1.972260299600000E+00   1.822107548100000E-01   1.441416317400000E+01   3.000000000000000E+00
   1.031457591500000E+00  -9.973275369200001E-02   1.698788127800000E+00   1.972542608000000E+00   1.832822121700000E-01   1.440260875300000E+01   3.000000000000000E+00
   1.030416492300000E+00  -1.012762190400000E-01   1.698944313900000E+00   1.972842096900000E+00   1.843386714000000E-01   1.439108685700000E+01   3.000000000000000E+00
   1.029360182400000E+00  -1.027509069300000E-01   1.699081030700000E+00   1.973187750000000E+00   1.853797386300000E-01   1.437960146700000E+01   3.000000000000000E+00
   1.028288647200000E+00  -1.042152712200000E-01   1.699191284300000E+00   1.973466992800000E+00   1.864232470600000E-01   1.436815639700000E+01   3.000000000000000E+00
   1.027201863600000E+00  -1.056353737100000E-01   1.699335563800000E+00   1.973713428200000E+00   1.874516294800000E-01   1.435675531000000E+01   3.000000000000000E+00
   1.026099800100000E+00  -1.070043063700000E-01   1.699465166500000E+00   1.974011760300000E+00   1.884625747500000E-01   1.434540172900000E+01   3.000000000000000E+00
   1.024982417700000E+00  -1.083494269800000E-01   1.699566211500000E+00   1.974290478000000E+00   1.894594119700000E-01   1.433409905000000E+01   3.000000000000000E+00
   1.023849669800000E+00  -1.096536069600000E-01   1.699672668900000E+00   1.974537119800000E+00   1.904612656600000E-01   1.432285054700000E+01   3.000000000000000E+00
   1.022701503000000E+00  -1.108948230000000E-01   1.699783652200000E+00   1.974755971600000E+00   1.914461458400000E-01   1.431165938600000E+01   3.000000000000000E+00
   1.021537856600000E+00  -1.121314945200000E-01   1.699875400700000E+00   1.975028372900000E+00   1.924200323600000E-01   1.430052863400000E+01   3.000000000000000E+00
   1.020358663900000E+00  -1.133437462800000E-01   1.699990397900000E+00   1.975269347000000E+00   1.933786500700000E-01   1.428946126500000E+01   3.000000000000000E+00
   1.019163851600000E+00  -1.145183129500000E-01   1.700080251600000E+00   1.975444454400000E+00   1.943290874800000E-01   1.427846016800000E+01   3.000000000000000E+00
   1.017953340700000E+00  -1.156566823100000E-01   1.700162129800000E+00   1.975676921600000E+00   1.952620050700000E-01   1.426752815400000E+01   3.000000000000000E+00
   1.016727046400000E+00  -1.167593809800000E-01   1.700215176800000E+00   1.975923627900000E+00   1.961892108000000E-01   1.425666796700000E+01   3.000000000000000E+00
   1.015484878500000E+00  -1.178079871400000E-01   1.700298074800000E+00   1.976125323200000E+00   1.971127687100000E-01   1.424588228200000E+01   3.000000000000000E+00
   1.014226741600000E+00  -1.188611893900000E-01   1.700393464100000E+00   1.976288080200000E+00   1.980191383000000E-01   1.423517371800000E+01   3.000000000000000E+00
   1.012952535500000E+00  -1.198806335000000E-01   1.700459964300000E+00   1.976502464200000E+00   1.989100896900000E-01   1.422454484000000E+01   3.000000000000000E+00
   1.011662155200000E+00  -1.208489098300000E-01   1.700516554600000E+00   1.976726938200000E+00   1.997906219600000E-01   1.421399816500000E+01   3.000000000000000E+00
   1.010355491200000E+00  -1.217897139100000E-01   1.700565408100000E+00   1.976891837300000E+00   2.006674100700000E-01   1.420353616500000E+01   3.000000000000000E+00
   1.009032429900000E+00  -1.227148047400000E-01   1.700640171800000E+00   1.977026837500000E+00   2.015286700100000E-01   1.419316127600000E+01   3.000000000000000E+00
   1.007692853500000E+00  -1.236408180600000E-01   1.700687917600000E+00   1.977263567900000E+00   2.023780448400000E-01   1.418287589400000E+01   3.000000000000000E+00
   1.006336640600000E+00  -1.245116786400000E-01   1.700708972800000E+00   1.977429909700000E+00   2.032136242500000E-01   1.417268238700000E+01   3.000000000000000E+00
   1.004963665900000E+00  -1.253525383300000E-01   1.700779074300000E+00   1.977566941400000E+00   2.040336316900000E-01   1.416258309200000E+01   3.000000000000000E+00
   1.003573801100000E+00  -1.261638178200000E-01   1.700822852300000E+00   1.977748898600000E+00   2.048570070400000E-01   1.415258032500000E+01   3.000000000000000E+00
   1.002166914400000E+00  -1.269462964600000E-01   1.700848640000000E+00   1.977909134400000E+00   2.056596174600000E-01   1.414267637600000E+01   3.000000000000000E+00
   1.000742871200000E+00  -1.277004271700000E-01   1.700868529800000E+00   1.978040620700000E+00   2.064465496300000E-01   1.413287351800000E+01   3.000000000000000E+00
   9.993015340100000E-01  -1.284115981100000E-01   1.700887998400000E+00   1.978168473300000E+00   2.072309008500000E-01   1.412317400700000E+01   3.000000000000000E+00
   9.978427628400000E-01  -1.291221389700000E-01   1.700940904100000E+00   1.978336571100000E+00   2.079934631000000E-01   1.411358008400000E+01   3.000000000000000E+00
   9.963664152900000E-01  -1.298197405700000E-01   1.700965724600000E+00   1.978476492900000E+00   2.087524126600000E-01   1.410409398000000E+01   3.000000000000000E+00
   9.948723468300000E-01  -1.304954102400000E-01   1.700983518300000E+00   1.978542002800000E+00   2.094987116300000E-01   1.409471791500000E+01   3.000000000000000E+00
   9.933604108700000E-01  -1.311376556500000E-01   1.700975117300000E+00   1.978712388100000E+00   2.102280188200000E-01   1.408545410000000E+01   3.000000000000000E+00
   9.918304591100000E-01  -1.317534767600000E-01   1.701005441900000E+00   1.978855153600000E+00   2.109569504200000E-01   1.407630474100000E+01   3.000000000000000E+00
   9.902823416800000E-01  -1.323390043500000E-01   1.701016576500000E+00   1.978927589100000E+00   2.116677369300000E-01   1.406727203800000E+01   3.000000000000000E+00
   9.887159072700000E-01  -1.329051842900000E-01   1.701024783500000E+00   1.979054533600000E+00   2.123681662100000E-01   1.405835819100000E+01   3.000000000000000E+00
   9.871310034500000E-01  -1.334459625300000E-01   1.701005175000000E+00   1.979192554600000E+00   2.130525630600000E-01   1.404956539300000E+01   3.000000000000000E+00
   9.855274768200000E-01  -1.339491128200000E-01   1.701009694500000E+00   1.979274618100000E+00   2.137279526000000E-01   1.404089584100000E+01   3.000000000000000E+00
   9.839051731600000E-01  -1.344347385700000E-01   1.701022449500000E+00   1.979358476900000E+00   2.143907468800000E-01   1.403235173100000E+01   3.000000000000000E+00
   9.822639377300000E-01  -1.348961002300000E-01   1.701007785100000E+00   1.979491802400000E+00   2.150374015500000E-01   1.402393525800000E+01   3.000000000000000E+00
   9.806036154300000E-01  -1.353440817400000E-01   1.700993446400000E+00   1.979577471900000E+00   2.156755907000000E-01   1.401564862400000E+01   3.000000000000000E+00
   9.789240509800000E-01  -1.357591198000000E-01   1.700991141100000E+00   1.979625812000000E+00   2.163050276100000E-01   1.400749403100000E+01   3.000000000000000E+00
   9.772250891599999E-01  -1.361616750400000E-01   1.700961658300000E+00   1.979745423800000E+00   2.169181790300000E-01   1.399947368500000E+01   3.000000000000000E+00
   9.755065750600000E-01  -1.365385559000000E-01   1.700952858600000E+00   1.979849314100000E+00   2.175165217100000E-01   1.399158979800000E+01   3.000000000000000E+00
   9.737683541900000E-01  -1.368885312400000E-01   1.700908959700000E+00   1.979896971400000E+00   2.180980455100000E-01   1.398384458700000E+01   3.000000000000000E+00
   9.720102727700000E-01  -1.372269712000000E-01   1.700895761300000E+00   1.979970325200000E+00   2.186823858200000E-01   1.397624027400000E+01   3.000000000000000E+00
   9.702321779400001E-01  -1.375602319000000E-01   1.700868460400000E+00   1.980084812900000E+00   2.192453242200000E-01   1.396877908600000E+01   3.000000000000000E+00
   9.684339179300000E-01  -1.378481506800000E-01   1.700844764700000E+00   1.980133966100000E+00   2.197932608200000E-01   1.396146326000000E+01   3.000000000000000E+00
   9.666153423100000E-01  -1.381131835600000E-01   1.700794495400000E+00   1.980158292800000E+00   2.203393421600000E-01   1.395429503600000E+01   3.000000000000000E+00
   9.647763022200000E-01  -1.383495296700000E-01   1.700750263700000E+00   1.980281835500000E+00   2.208688413300000E-01   1.394727666300000E+01   3.000000000000000E+00
   9.629166505100000E-01  -1.385722917600000E-01   1.700722748900000E+00   1.980326712400000E+00   2.213805161500000E-01   1.394041039500000E+01   3.000000000000000E+00
   9.610362420600000E-01  -1.387724308800000E-01   1.700687471700000E+00   1.980347346400000E+00   2.218756010100000E-01   1.393369849600000E+01   3.000000000000000E+00
   9.591349339400000E-01  -1.389457547500000E-01   1.700632107300000E+00   1.980445262000000E+00   2.223679947600000E-01   1.392714323600000E+01   3.000000000000000E+00
   9.572125855800000E-01  -1.391020732500000E-01   1.700570159000000E+00   1.980488327200000E+00   2.228414757400000E-01   1.392074689000000E+01   3.000000000000000E+00
   9.552690590800000E-01  -1.392360250300000E-01   1.700536980600000E+00   1.980507730100000E+00   2.233108881900000E-01   1.391451174300000E+01   3.000000000000000E+00
   9.533042193800000E-01  -1.393150930900000E-01   1.700473248600000E+00   1.980569267000000E+00   2.237614008100000E-01   1.390844008700000E+01   3.000000000000000E+00
   9.513179344600000E-01  -1.394078952500000E-01   1.700404608400000E+00   1.980616410300000E+00   2.241930369700000E-01   1.390253421900000E+01   3.000000000000000E+00
   9.493100755500000E-01  -1.394782948800000E-01   1.700361336500000E+00   1.980640459900000E+00   2.246202503500000E-01   1.389679644400000E+01   3.000000000000000E+00
   9.472805173700000E-01  -1.395255158000000E-01   1.700297551900000E+00   1.980653927000000E+00   2.250347901000000E-01   1.389122907300000E+01   3.000000000000000E+00
   9.452291382900000E-01  -1.395460491900000E-01   1.700214984400000E+00   1.980703762400000E+00   2.254361886900000E-01   1.388583442400000E+01   3.000000000000000E+00
   9.431558205700000E-01  -1.395448347400000E-01   1.700144013900000E+00   1.980731066400000E+00   2.258206643400000E-01   1.388061482100000E+01   3.000000000000000E+00
   9.410604505400000E-01  -1.395531286900000E-01   1.700065003900000E+00   1.980716993800000E+00   2.261942968900000E-01   1.387557259300000E+01   3.000000000000000E+00
   9.389429188100000E-01  -1.395106789500000E-01   1.700007714500000E+00   1.980760742800000E+00   2.265532852400000E-01   1.387071007500000E+01   3.000000000000000E+00
   9.368031204400000E-01  -1.394461621000000E-01   1.699925729600000E+00   1.980782532100000E+00   2.268953154900000E-01   1.386602960700000E+01   3.000000000000000E+00
   9.346409551200000E-01  -1.393576273800000E-01   1.699837437300000E+00   1.980749056200000E+00   2.272243830200000E-01   1.386153353300000E+01   3.000000000000000E+00
   9.324563273699999E-01  -1.392492125400000E-01   1.699740290800000E+00   1.980785902300000E+00   2.275484542700000E-01   1.385722420400000E+01   3.000000000000000E+00
   9.302491467000000E-01  -1.391185763800000E-01   1.699670527900000E+00   1.980801355400000E+00   2.278595561000000E-01   1.385310397300000E+01   3.000000000000000E+00
   9.280193278100000E-01  -1.389648771500000E-01   1.699579680600000E+00   1.980736771800000E+00   2.281511325100000E-01   1.384917519600000E+01   3.000000000000000E+00
   9.257667906500000E-01  -1.387894946700000E-01   1.699469036600000E+00   1.980768032500000E+00   2.284250020600000E-01   1.384544023500000E+01   3.000000000000000E+00
   9.234914607000000E-01  -1.385918487100000E-01   1.699374115500000E+00   1.980783002100000E+00   2.286960903300000E-01   1.384190145200000E+01   3.000000000000000E+00
   9.211932690400000E-01  -1.383732243400000E-01   1.699285452400000E+00   1.980735626700000E+00   2.289542103600000E-01   1.383856121500000E+01   3.000000000000000E+00
   9.188721524800000E-01  -1.381307147300000E-01   1.699170721900000E+00   1.980719473300000E+00   2.291943487200000E-01   1.383542189200000E+01   3.000000000000000E+00
   9.165280537000000E-01  -1.378656181100000E-01   1.699054099500000E+00   1.980729906900000E+00   2.294174536800000E-01   1.383248585400000E+01   3.000000000000000E+00
   9.141609213800000E-01  -1.375562978900000E-01   1.698957637900000E+00   1.980692946100000E+00   2.296343273200000E-01   1.382975547300000E+01   3.000000000000000E+00
   9.117707102900000E-01  -1.372468639200000E-01   1.698846267100000E+00   1.980639753000000E+00   2.298356041600000E-01   1.382723312300000E+01   3.000000000000000E+00
   9.093573813800000E-01  -1.369146701800000E-01   1.698711682100000E+00   1.980643131500000E+00   2.300198616600000E-01   1.382492118000000E+01   3.000000000000000E+00
   9.069209018800000E-01  -1.365729286500000E-01   1.698598925600000E+00   1.980605916500000E+00   2.301945103800000E-01   1.382282201800000E+01   3.000000000000000E+00
   9.044612453400001E-01  -1.361919142200000E-01   1.698462514700000E+00   1.980536846600000E+00   2.303562951800000E-01   1.382093801500000E+01   3.000000000000000E+00
   9.019783917300001E-01  -1.357872758300000E-01   1.698354057400000E+00   1.980528044600000E+00   2.305011105700000E-01   1.381927154800000E+01   3.000000000000000E+00
   8.994723274899999E-01  -1.353661864900000E-01   1.698225234400000E+00   1.980491474500000E+00   2.306315092000000E-01   1.381782499400000E+01   3.000000000000000E+00
   8.969430455200000E-01  -1.349153388900000E-01   1.698082430300000E+00   1.980414726300000E+00   2.307559570000000E-01   1.381660073100000E+01   3.000000000000000E+00
   8.943905452399999E-01  -1.344403724000000E-01   1.697928786600000E+00   1.980347618400000E+00   2.308634920900000E-01   1.381560113500000E+01   3.000000000000000E+00
   8.918148326300001E-01  -1.339422022100000E-01   1.697802244000000E+00   1.980338518900000E+00   2.309569364500000E-01   1.381482858600000E+01   3.000000000000000E+00
   8.892159201399999E-01  -1.334193235600000E-01   1.697664956300000E+00   1.980260232000000E+00   2.310369498200000E-01   1.381428545900000E+01   3.000000000000000E+00
   8.865938267700000E-01  -1.328716183100000E-01   1.697505650900000E+00   1.980163976400000E+00   2.311002268000000E-01   1.381397413200000E+01   3.000000000000000E+00
   8.839485780000000E-01  -1.322930493600000E-01   1.697344980200000E+00   1.980139081500000E+00   2.311573573900000E-01   1.381389698300000E+01   3.000000000000000E+00
   8.812802057400000E-01  -1.316932560600000E-01   1.697204877100000E+00   1.980055833500000E+00   2.311991320400000E-01   1.381405638600000E+01   3.000000000000000E+00
   8.785887483100000E-01  -1.310676056700000E-01   1.697043162900000E+00   1.979955038100000E+00   2.312243108900000E-01   1.381445472100000E+01   3.000000000000000E+00
   8.758742503400000E-01  -1.304156764400000E-01   1.696864631200000E+00   1.979894490900000E+00   2.312326282900000E-01   1.381509436200000E+01   3.000000000000000E+00
   8.731367627000000E-01  -1.297474363400000E-01   1.696712212500000E+00   1.979803929900000E+00   2.312400589800000E-01   1.381597768600000E+01   3.000000000000000E+00
   8.703763424199999E-01  -1.290527539300000E-01   1.696538531300000E+00   1.979696206500000E+00   2.312310254800000E-01   1.381710706900000E+01   3.000000000000000E+00
   8.675930525700000E-01  -1.283098811800000E-01   1.696365313800000E+00   1.979603193900000E+00   2.312056325200000E-01   1.381848488800000E+01   3.000000000000000E+00
   8.647869621399999E-01  -1.275635911400000E-01   1.696176292700000E+00   1.979503773600000E+00   2.311640097300000E-01   1.382011352000000E+01   3.000000000000000E+00
   8.619581459300000E-01  -1.267915572400000E-01   1.695975841900000E+00   1.979387529500000E+00   2.311111135500000E-01   1.382199534100000E+01   3.000000000000000E+00
   8.591066843800000E-01  -1.260010322600000E-01   1.695792378500000E+00   1.979259229000000E+00   2.310556271700000E-01   1.382413272700000E+01   3.000000000000000E+00
   8.562326634100000E-01  -1.251668839300000E-01   1.695616311900000E+00   1.979151361400000E+00   2.309765423800000E-01   1.382652805500000E+01   3.000000000000000E+00
   8.533361742800000E-01  -1.243034837400000E-01   1.695419624300000E+00   1.979026939600000E+00   2.308831728000000E-01   1.382918370300000E+01   3.000000000000000E+00
   8.504173134000000E-01  -1.234065573600000E-01   1.695211011200000E+00   1.978857838200000E+00   2.307911997500000E-01   1.383210204600000E+01   3.000000000000000E+00
   8.474761821400000E-01  -1.224946247300000E-01   1.694989828500000E+00   1.978740700900000E+00   2.306748600100000E-01   1.383528546100000E+01   3.000000000000000E+00
   8.445128865800000E-01  -1.215521376600000E-01   1.694797671200000E+00   1.978607207400000E+00   2.305429884800000E-01   1.383873632300000E+01   3.000000000000000E+00
   8.415275373700000E-01  -1.205787300100000E-01   1.694585835900000E+00   1.978415853900000E+00   2.304145053200000E-01   1.384245700500000E+01   3.000000000000000E+00
   8.385202494600000E-01  -1.195725873200000E-01   1.694356907900000E+00   1.978281551500000E+00   2.302610542200000E-01   1.384644987900000E+01   3.000000000000000E+00
   8.354911418900000E-01  -1.185338850100000E-01   1.694116851200000E+00   1.978131069400000E+00   2.300936746200000E-01   1.385071731500000E+01   3.000000000000000E+00
   8.324403375000000E-01  -1.174696149300000E-01   1.693908808700000E+00   1.977924966300000E+00   2.299284172600000E-01   1.385526167800000E+01   3.000000000000000E+00
   8.293679627400000E-01  -1.163681759300000E-01   1.693665256500000E+00   1.977747805900000E+00   2.297388733500000E-01   1.386008532800000E+01   3.000000000000000E+00
   8.262741473500000E-01  -1.152320425300000E-01   1.693408633400000E+00   1.977584100600000E+00   2.295376216200000E-01   1.386519061900000E+01   3.000000000000000E+00
   8.231590241300000E-01  -1.140606650400000E-01   1.693161622900000E+00   1.977392162000000E+00   2.293365349000000E-01   1.387057989500000E+01   3.000000000000000E+00
   8.200227286200000E-01  -1.128753579400000E-01   1.692928565600000E+00   1.977171437900000E+00   2.291154996500000E-01   1.387625549200000E+01   3.000000000000000E+00
   8.168653988400000E-01  -1.116534290500000E-01   1.692675748100000E+00   1.976945434700000E+00   2.288800736400000E-01   1.388221973200000E+01   3.000000000000000E+00
   8.136871749900000E-01  -1.103835828400000E-01   1.692412591400000E+00   1.976779281300000E+00   2.286388794200000E-01   1.388847491900000E+01   3.000000000000000E+00
   8.104881991300000E-01  -1.090750556900000E-01   1.692136063500000E+00   1.976542079500000E+00   2.283796013700000E-01   1.389502333900000E+01   3.000000000000000E+00
   8.072686148800000E-01  -1.077272565700000E-01   1.691841263600000E+00   1.976289153500000E+00   2.281127017200000E-01   1.390186725500000E+01   3.000000000000000E+00
   8.040285671000000E-01  -1.063933948600000E-01   1.691573671300000E+00   1.976085383900000E+00   2.278439613500000E-01   1.390900890000000E+01   3.000000000000000E+00
   8.007682015699999E-01  -1.049887483900000E-01   1.691297706800000E+00   1.975837365400000E+00   2.275529095300000E-01   1.391645047600000E+01   3.000000000000000E+00
   7.974876646600000E-01  -1.035415882800000E-01   1.691002076800000E+00   1.975573280500000E+00   2.272556605000000E-01   1.392419414100000E+01   3.000000000000000E+00
   7.941871030100000E-01  -1.020597489900000E-01   1.690691812100000E+00   1.975291616900000E+00   2.269542119900000E-01   1.393224201200000E+01   3.000000000000000E+00
   7.908666631500000E-01  -1.005293797200000E-01   1.690376497100000E+00   1.975024472900000E+00   2.266351011100000E-01   1.394059614700000E+01   3.000000000000000E+00
   7.875264912200000E-01  -9.895285598400000E-02   1.690076951700000E+00   1.974740836900000E+00   2.263031929800000E-01   1.394925854200000E+01   3.000000000000000E+00
   7.841667325900000E-01  -9.737843452700000E-02   1.689757316800000E+00   1.974405924100000E+00   2.259696214300000E-01   1.395823112200000E+01   3.000000000000000E+00
   7.807875315400000E-01  -9.573390170600000E-02   1.689417071700000E+00   1.974112801300000E+00   2.256245802100000E-01   1.396751572600000E+01   3.000000000000000E+00
   7.773890309100000E-01  -9.403966783300000E-02   1.689071814700000E+00   1.973802652100000E+00   2.252673103400000E-01   1.397711409600000E+01   3.000000000000000E+00
   7.739713717700000E-01  -9.229244319300001E-02   1.688744946500000E+00   1.973437779100000E+00   2.248941539100000E-01   1.398702786500000E+01   3.000000000000000E+00
   7.705346931000000E-01  -9.053323989100000E-02   1.688382206700000E+00   1.973077513100000E+00   2.245242202700000E-01   1.399725854000000E+01   3.000000000000000E+00
   7.670791314800000E-01  -8.872053997200000E-02   1.688008774200000E+00   1.972740252600000E+00   2.241437768000000E-01   1.400780748500000E+01   3.000000000000000E+00
   7.636048207200000E-01  -8.684178162099999E-02   1.687648836200000E+00   1.972397843800000E+00   2.237503351900000E-01   1.401867590300000E+01   3.000000000000000E+00
   7.601118916800000E-01  -8.491649812099999E-02   1.687259430400000E+00   1.972004927200000E+00   2.233453891000000E-01   1.402986481400000E+01   3.000000000000000E+00
   7.566004719300000E-01  -8.296716446700000E-02   1.686886112300000E+00   1.971594014600000E+00   2.229374548000000E-01   1.404137503500000E+01   3.000000000000000E+00
   7.530706854900000E-01  -8.095790902900001E-02   1.686489071400000E+00   1.971207711800000E+00   2.225256011600000E-01   1.405320715100000E+01   3.000000000000000E+00
   7.495226527000000E-01  -7.888417469300001E-02   1.686083827300000E+00   1.970783404400000E+00   2.221018139800000E-01   1.406536149300000E+01   3.000000000000000E+00
   7.459564899800000E-01  -7.675012123000000E-02   1.685657737100000E+00   1.970339950500000E+00   2.216680306100000E-01   1.407783810500000E+01   3.000000000000000E+00
   7.423723097800000E-01  -7.459236159800001E-02   1.685220437800000E+00   1.969849610200000E+00   2.212308698000000E-01   1.409063671200000E+01   3.000000000000000E+00
   7.387702204700000E-01  -7.235078680699999E-02   1.684782487500000E+00   1.969389533700000E+00   2.207827421300000E-01   1.410375668800000E+01   3.000000000000000E+00
   7.351503264000000E-01  -7.008350616800001E-02   1.684343849500000E+00   1.968908916100000E+00   2.203255329700000E-01   1.411719701800000E+01   3.000000000000000E+00
   7.315127279800000E-01  -6.774529226400000E-02   1.683883961500000E+00   1.968395047800000E+00   2.198713084200000E-01   1.413095625700000E+01   3.000000000000000E+00
   7.278575218700000E-01  -6.533298191700000E-02   1.683403719900000E+00   1.967857289900000E+00   2.194019074300000E-01   1.414503249000000E+01   3.000000000000000E+00
   7.241848013300000E-01  -6.287262347800000E-02   1.682901432300000E+00   1.967298199300000E+00   2.189318490000000E-01   1.415942328700000E+01   3.000000000000000E+00
   7.204946566500000E-01  -6.036042386400000E-02   1.682416368900000E+00   1.966775862400000E+00   2.184528353300000E-01   1.417412565600000E+01   3.000000000000000E+00
   7.167871757199999E-01  -5.775903592900000E-02   1.681910750500000E+00   1.966190800200000E+00   2.179733027400000E-01   1.418913599400000E+01   3.000000000000000E+00
   7.130624448400000E-01  -5.511990127200000E-02   1.681382320500000E+00   1.965582636900000E+00   2.174895728500000E-01   1.420445003500000E+01   3.000000000000000E+00
   7.093205496700000E-01  -5.240112018300000E-02   1.680834194600000E+00   1.964920857900000E+00   2.169974066300000E-01   1.422006280400000E+01   3.000000000000000E+00
   7.055615763899999E-01  -4.963625734200000E-02   1.680288710000000E+00   1.964284076100000E+00   2.164976912100000E-01   1.423596855400000E+01   3.000000000000000E+00
   7.017856130800000E-01  -4.678633942500000E-02   1.679719570800000E+00   1.963622162000000E+00   2.159969535100000E-01   1.425216072500000E+01   3.000000000000000E+00
   6.979927513800001E-01  -4.387150727500000E-02   1.679132799400000E+00   1.962937495400000E+00   2.154983032300000E-01   1.426863188300000E+01   3.000000000000000E+00
   6.950481725200000E-01  -4.155443381000000E-02   1.678672183700000E+00   1.962379062800000E+00   2.151062516200000E-01   1.428155520300000E+01   3.000000000000000E+00
   6.905161865900000E-01  -3.796198335400000E-02   1.677937872900000E+00   1.961492756300000E+00   2.144996022000000E-01   1.430166458700000E+01   2.000000000000000E+00
   6.859603591900000E-01  -3.424384986600000E-02   1.677183025600000E+00   1.960591929800000E+00   2.138864022700000E-01   1.432212950600000E+01   2.000000000000000E+00
   6.813814330500000E-01  -3.045013035500000E-02   1.676391664400000E+00   1.959645844700000E+00   2.132780336400000E-01   1.434292857800000E+01   2.000000000000000E+00
   6.767796539700000E-01  -2.652475075700000E-02   1.675606072500000E+00   1.958659572400000E+00   2.126659906500000E-01   1.436404060900000E+01   2.000000000000000E+00
   6.721553078400000E-01  -2.253113150300000E-02   1.674782278600000E+00   1.957600635600000E+00   2.120478618800000E-01   1.438544221500000E+01   2.000000000000000E+00
   6.675087290100000E-01  -1.840144775600000E-02   1.673929328300000E+00   1.956521959800000E+00   2.114255174200000E-01   1.440710780600000E+01   2.000000000000000E+00
   6.628403091200000E-01  -1.420669741300000E-02   1.673039557300000E+00   1.955407887500000E+00   2.108063144000000E-01   1.442900959800000E+01   2.000000000000000E+00
   6.581505060000000E-01  -9.892251983400000E-03   1.672118732500000E+00   1.954301557500000E+00   2.101874959700000E-01   1.445111767800000E+01   2.000000000000000E+00
   6.534398524700000E-01  -5.476392155500000E-03   1.671190370900000E+00   1.953105826500000E+00   2.095691610700000E-01   1.447340010700000E+01   2.000000000000000E+00
   6.487089647500000E-01  -9.796383435400000E-04   1.670233259200000E+00   1.951865792000000E+00   2.089495174200000E-01   1.449582307400000E+01   2.000000000000000E+00
   6.439585499100000E-01   3.623708202900000E-03   1.669237756300000E+00   1.950554617700000E+00   2.083279563800000E-01   1.451835110300000E+01   2.000000000000000E+00
   6.391894121400000E-01   8.315238222000001E-03   1.668204013700000E+00   1.949233249700000E+00   2.077069892900000E-01   1.454094730700000E+01   2.000000000000000E+00
   6.344024573600000E-01   1.309695435000000E-02   1.667136372400000E+00   1.947866358600000E+00   2.070921284900000E-01   1.456357369900000E+01   2.000000000000000E+00
   6.295986958000001E-01   1.796210677700000E-02   1.666073798300000E+00   1.946467745400000E+00   2.064787919000000E-01   1.458619153400000E+01   2.000000000000000E+00
   6.247792422700000E-01   2.289121564900000E-02   1.664958922200000E+00   1.945005802200000E+00   2.058700504800000E-01   1.460876170300000E+01   2.000000000000000E+00
   6.199453138600000E-01   2.792157772300000E-02   1.663808198600000E+00   1.943499807100000E+00   2.052633412400000E-01   1.463124513800000E+01   2.000000000000000E+00
   6.150982250300000E-01   3.298961788000000E-02   1.662642792100000E+00   1.941908946300000E+00   2.046589764400000E-01   1.465360324700000E+01   2.000000000000000E+00
   6.102393802200000E-01   3.814094675300000E-02   1.661436759900000E+00   1.940321772900000E+00   2.040573132200000E-01   1.467579833600000E+01   2.000000000000000E+00
   6.053702638400000E-01   4.333163788300000E-02   1.660197362300000E+00   1.938692092200000E+00   2.034591862800000E-01   1.469779403000000E+01   2.000000000000000E+00
   6.004924284700000E-01   4.858341209100000E-02   1.658942401700000E+00   1.937057849100000E+00   2.028676599700000E-01   1.471955566200000E+01   2.000000000000000E+00
   5.956074812800000E-01   5.387950014400000E-02   1.657645864800000E+00   1.935345838300000E+00   2.022783924500000E-01   1.474105062400000E+01   2.000000000000000E+00
   5.907170694000000E-01   5.921111088400000E-02   1.656343418800000E+00   1.933595521900000E+00   2.016935613500000E-01   1.476224867100000E+01   2.000000000000000E+00
   5.858228647500000E-01   6.456825989800000E-02   1.655006518100000E+00   1.931807034100000E+00   2.011133611600000E-01   1.478312216800000E+01   2.000000000000000E+00
   5.809265489700000E-01   6.995338393700000E-02   1.653653875800000E+00   1.929984962100000E+00   2.005380440500000E-01   1.480364627100000E+01   2.000000000000000E+00
   5.760297988400001E-01   7.534499205300001E-02   1.652274692600000E+00   1.928129738300000E+00   1.999677103100000E-01   1.482379904700000E+01   2.000000000000000E+00
   5.711342728300000E-01   8.075402895000000E-02   1.650869381400000E+00   1.926220623900000E+00   1.994060438700000E-01   1.484356153600000E+01   2.000000000000000E+00
   5.662415990200000E-01   8.618173787100000E-02   1.649444015600000E+00   1.924305230800000E+00   1.988465521600000E-01   1.486291774100000E+01   2.000000000000000E+00
   5.613533646800000E-01   9.158408032600000E-02   1.647996727900000E+00   1.922362151000000E+00   1.982917407400000E-01   1.488185458000000E+01   2.000000000000000E+00
   5.564711077400000E-01   9.699298083800000E-02   1.646531708200000E+00   1.920382564100000E+00   1.977403320800000E-01   1.490036177900000E+01   2.000000000000000E+00
   5.515963100800000E-01   1.023814293400000E-01   1.645046797800000E+00   1.918383364700000E+00   1.971952788500000E-01   1.491843173500000E+01   2.000000000000000E+00
   5.467303927500000E-01   1.077728316000000E-01   1.643544513900000E+00   1.916360749600000E+00   1.966550860400000E-01   1.493605934800000E+01   2.000000000000000E+00
   5.418747128400000E-01   1.131162735100000E-01   1.642029507800000E+00   1.914329031900000E+00   1.961201453100000E-01   1.495324182700000E+01   2.000000000000000E+00
   5.370305620200000E-01   1.184500004800000E-01   1.640497523900000E+00   1.912265349200000E+00   1.955880646700000E-01   1.496997849200000E+01   2.000000000000000E+00
   5.321991663800000E-01   1.237683687800000E-01   1.638952396300000E+00   1.910183119700000E+00   1.950601906600000E-01   1.498627056100000E+01   2.000000000000000E+00
   5.273816875100000E-01   1.290370279000000E-01   1.637399786400000E+00   1.908101250600000E+00   1.945408457000000E-01   1.500212094000000E+01   2.000000000000000E+00
   5.225792245300001E-01   1.342629908300000E-01   1.635832691500000E+00   1.905987790400000E+00   1.940225276900000E-01   1.501753402300000E+01   2.000000000000000E+00
   5.177928167800000E-01   1.394565214100000E-01   1.634262968800000E+00   1.903863759500000E+00   1.935080947700000E-01   1.503251548500000E+01   2.000000000000000E+00
   5.130234471800000E-01   1.446226390500000E-01   1.632682085100000E+00   1.901753564800000E+00   1.929977377700000E-01   1.504707210600000E+01   2.000000000000000E+00
   5.082720459000000E-01   1.497461592900000E-01   1.631094527100000E+00   1.899617232700000E+00   1.924907803500000E-01   1.506121159000000E+01   2.000000000000000E+00
   5.035394942300000E-01   1.548090077600000E-01   1.629499314100000E+00   1.897471244000000E+00   1.919871505800000E-01   1.507494241000000E+01   2.000000000000000E+00
   4.988266286700000E-01   1.598354909400000E-01   1.627895916200000E+00   1.895319569400000E+00   1.914898875200000E-01   1.508827366100000E+01   2.000000000000000E+00
   4.941342448700000E-01   1.648217870000000E-01   1.626288130900000E+00   1.893151126000000E+00   1.909949996400000E-01   1.510121493300000E+01   2.000000000000000E+00
   4.894631015900000E-01   1.697671889800000E-01   1.624675260700000E+00   1.890975625600000E+00   1.905029861600000E-01   1.511377619000000E+01   2.000000000000000E+00
   4.848139244600000E-01   1.746514484100000E-01   1.623057762800000E+00   1.888792848300000E+00   1.900133721300000E-01   1.512596767400000E+01   2.000000000000000E+00
   4.801874096100000E-01   1.794844208500000E-01   1.621436876500000E+00   1.886605461500000E+00   1.895296994900000E-01   1.513779980900000E+01   2.000000000000000E+00
   4.755842269800000E-01   1.842640172100000E-01   1.619812948800000E+00   1.884413353800000E+00   1.890484426800000E-01   1.514928312700000E+01   2.000000000000000E+00
   4.710050234400000E-01   1.890013435000000E-01   1.618188741100000E+00   1.882245591600000E+00   1.885664474900000E-01   1.516042820100000E+01   2.000000000000000E+00
   4.664504256600000E-01   1.936839208500000E-01   1.616565742600000E+00   1.880051062100000E+00   1.880924816300000E-01   1.517124558500000E+01   2.000000000000000E+00
   4.619210427100000E-01   1.983192088300000E-01   1.614944777400000E+00   1.877869029600000E+00   1.876217126400000E-01   1.518174576800000E+01   2.000000000000000E+00
   4.574174683500000E-01   2.029018903700000E-01   1.613324227700000E+00   1.875704212900000E+00   1.871519337700000E-01   1.519193913400000E+01   2.000000000000000E+00
   4.529402831500000E-01   2.074339939600000E-01   1.611703967200000E+00   1.873512798600000E+00   1.866862680600000E-01   1.520183592200000E+01   2.000000000000000E+00
   4.484900562500000E-01   2.119171604800000E-01   1.610084549000000E+00   1.871329404300000E+00   1.862221613100000E-01   1.521144620600000E+01   2.000000000000000E+00
   4.440673470300000E-01   2.163472485000000E-01   1.608465028000000E+00   1.869182325300000E+00   1.857610165000000E-01   1.522077986700000E+01   2.000000000000000E+00
   4.396727064000000E-01   2.207298278500000E-01   1.606848655200000E+00   1.867020249200000E+00   1.853036699900000E-01   1.522984657700000E+01   2.000000000000000E+00
   4.353066780000000E-01   2.250625530100000E-01   1.605233806700000E+00   1.864859178600000E+00   1.848475396300000E-01   1.523865578300000E+01   2.000000000000000E+00
   4.309697991400000E-01   2.293298626000000E-01   1.603620935600000E+00   1.862696888500000E+00   1.843943770600000E-01   1.524721669900000E+01   2.000000000000000E+00
   4.266626015500000E-01   2.335592347400000E-01   1.602009871900000E+00   1.860535966100000E+00   1.839421407800000E-01   1.525553829500000E+01   2.000000000000000E+00
   4.223856120200000E-01   2.377388494000000E-01   1.600400612800000E+00   1.858376577600000E+00   1.834971246500000E-01   1.526362929300000E+01   2.000000000000000E+00
   4.181393528200000E-01   2.418547105300000E-01   1.598795687400000E+00   1.856250848400000E+00   1.830505076200000E-01   1.527149816200000E+01   2.000000000000000E+00
   4.139243419800000E-01   2.459284354600000E-01   1.597195599800000E+00   1.854129138900000E+00   1.826101864500000E-01   1.527915311900000E+01   2.000000000000000E+00
   4.097410934600000E-01   2.499535016400000E-01   1.595616736900000E+00   1.852010135600000E+00   1.821705565200000E-01   1.528660212500000E+01   2.000000000000000E+00
   4.055901172000000E-01   2.539380467700000E-01   1.594037490000000E+00   1.849866073000000E+00   1.817332162200000E-01   1.529385288900000E+01   2.000000000000000E+00
   4.014719190100000E-01   2.578644847000000E-01   1.592466113600000E+00   1.847779724000000E+00   1.812967640800000E-01   1.530091286800000E+01   2.000000000000000E+00
   3.973870004200000E-01   2.617432269400000E-01   1.590897190300000E+00   1.845696676000000E+00   1.808642259600000E-01   1.530778927000000E+01   2.000000000000000E+00
   3.933358583800000E-01   2.655712086500000E-01   1.589332643200000E+00   1.843600224300000E+00   1.804360678600000E-01   1.531448905500000E+01   2.000000000000000E+00
   3.893189849400000E-01   2.693563059200000E-01   1.587769819100000E+00   1.841507872400000E+00   1.800074304400000E-01   1.532101894400000E+01   2.000000000000000E+00
   3.853368667500000E-01   2.730945190800000E-01   1.586214893600000E+00   1.839468079300000E+00   1.795813294700000E-01   1.532738541700000E+01   2.000000000000000E+00
   3.813899846300000E-01   2.767875369200000E-01   1.584682687300000E+00   1.837415093100000E+00   1.791609602700000E-01   1.533359472100000E+01   2.000000000000000E+00
   3.774788129700000E-01   2.804333189600000E-01   1.583162133200000E+00   1.835369485600000E+00   1.787399977800000E-01   1.533965287400000E+01   2.000000000000000E+00
   3.736038191100000E-01   2.840334012000000E-01   1.581643266600000E+00   1.833366984200000E+00   1.783208005000000E-01   1.534556566900000E+01   2.000000000000000E+00
   3.697654627300000E-01   2.875864036800000E-01   1.580129366700000E+00   1.831359533800000E+00   1.779071982000000E-01   1.535133868000000E+01   2.000000000000000E+00
   3.659641951000000E-01   2.910965820500000E-01   1.578616510600000E+00   1.829372674800000E+00   1.774951250700000E-01   1.535697726500000E+01   2.000000000000000E+00
   3.622004584200000E-01   2.945625925100000E-01   1.577124182900000E+00   1.827388511900000E+00   1.770832236000000E-01   1.536248657400000E+01   2.000000000000000E+00
   3.584746850500000E-01   2.979849658900000E-01   1.575648868800000E+00   1.825420467300000E+00   1.766751705900000E-01   1.536787155000000E+01   2.000000000000000E+00
   3.547872967100000E-01   3.013642094500000E-01   1.574182414100000E+00   1.823451524100000E+00   1.762715951900000E-01   1.537313693900000E+01   2.000000000000000E+00
   3.511387038100000E-01   3.047008571200000E-01   1.572715572000000E+00   1.821513621100000E+00   1.758681383600000E-01   1.537828728900000E+01   2.000000000000000E+00
   3.475293046100000E-01   3.080059306700000E-01   1.571256452100000E+00   1.819612504000000E+00   1.754683799400000E-01   1.538332696000000E+01   2.000000000000000E+00
   3.439594844400000E-01   3.112603245400000E-01   1.569821637900000E+00   1.817691267300000E+00   1.750688299400000E-01   1.538826012700000E+01   2.000000000000000E+00
   3.404296150300000E-01   3.144722482500000E-01   1.568403954500000E+00   1.815796753000000E+00   1.746743834400000E-01   1.539309078300000E+01   2.000000000000000E+00
   3.369400536900000E-01   3.176301378800000E-01   1.566987452100000E+00   1.813948982200000E+00   1.742823665500000E-01   1.539782274700000E+01   2.000000000000000E+00
   3.334911426500000E-01   3.207611061300000E-01   1.565570670000000E+00   1.812083169800000E+00   1.738913689300000E-01   1.540245966700000E+01   2.000000000000000E+00
   3.300832083300000E-01   3.238528234900000E-01   1.564183732600000E+00   1.810220445000000E+00   1.735027025100000E-01   1.540700502400000E+01   2.000000000000000E+00
   3.267165606900000E-01   3.269101436200000E-01   1.562808741600000E+00   1.808428818100000E+00   1.731190117000000E-01   1.541146213900000E+01   2.000000000000000E+00
   3.233914926200000E-01   3.299262608200000E-01   1.561444494900000E+00   1.806601057400000E+00   1.727341685400000E-01   1.541583417400000E+01   2.000000000000000E+00
   3.201082793600000E-01   3.329050375400000E-01   1.560074886000000E+00   1.804837416100000E+00   1.723565475200000E-01   1.542012413900000E+01   2.000000000000000E+00
   3.168671779500000E-01   3.358407024200000E-01   1.558730610100000E+00   1.803051251500000E+00   1.719794217900000E-01   1.542433489700000E+01   2.000000000000000E+00
   3.136684267600000E-01   3.387456775400000E-01   1.557418883900000E+00   1.801319491600000E+00   1.716032264600000E-01   1.542846916600000E+01   2.000000000000000E+00
   3.105122450300000E-01   3.416151685700000E-01   1.556099729200000E+00   1.799600105400000E+00   1.712318561200000E-01   1.543252952500000E+01   2.000000000000000E+00
   3.073988325100000E-01   3.444425114600000E-01   1.554792659400000E+00   1.797875405800000E+00   1.708631051200000E-01   1.543651841900000E+01   2.000000000000000E+00
   3.043283691400000E-01   3.472342883900000E-01   1.553503006000000E+00   1.796195187900000E+00   1.704954027600000E-01   1.544043816000000E+01   2.000000000000000E+00
   3.013010147600000E-01   3.499922252300000E-01   1.552235887300000E+00   1.794509704200000E+00   1.701310602500000E-01   1.544429093500000E+01   2.000000000000000E+00
   2.983169089200000E-01   3.527154684700000E-01   1.550973202400000E+00   1.792865792300000E+00   1.697694692900000E-01   1.544807880700000E+01   2.000000000000000E+00
   2.953761707500000E-01   3.554085537000000E-01   1.549707881000000E+00   1.791217430800000E+00   1.694118850300000E-01   1.545180372400000E+01   2.000000000000000E+00
   2.924788988700000E-01   3.580698494600000E-01   1.548484443700000E+00   1.789592650500000E+00   1.690545149400000E-01   1.545546751600000E+01   2.000000000000000E+00
   2.896251713500000E-01   3.606988744400000E-01   1.547263228700000E+00   1.787998425500000E+00   1.687018917500000E-01   1.545907190500000E+01   2.000000000000000E+00
   2.868150458000000E-01   3.632973015500000E-01   1.546054981800000E+00   1.786420716500000E+00   1.683514113700000E-01   1.546261850600000E+01   2.000000000000000E+00
   2.840485594200000E-01   3.658659604400000E-01   1.544848062300000E+00   1.784877304300000E+00   1.680012430700000E-01   1.546610883300000E+01   2.000000000000000E+00
   2.813257292200000E-01   3.684006169800000E-01   1.543681935600000E+00   1.783326166900000E+00   1.676577434600000E-01   1.546954430100000E+01   2.000000000000000E+00
   2.786465522000000E-01   3.709080817000000E-01   1.542493783100000E+00   1.781816498300000E+00   1.673140750500000E-01   1.547292623000000E+01   2.000000000000000E+00
   2.760110056700000E-01   3.733877729600000E-01   1.541361289600000E+00   1.780294238400000E+00   1.669756444900000E-01   1.547625585000000E+01   2.000000000000000E+00
   2.734190475400000E-01   3.758495778000000E-01   1.540214291300000E+00   1.778831096200000E+00   1.666379117700000E-01   1.547953430500000E+01   2.000000000000000E+00
   2.708706167500000E-01   3.782688041500000E-01   1.539088116800000E+00   1.777338428800000E+00   1.663025276600000E-01   1.548276265600000E+01   2.000000000000000E+00
   2.683656336900000E-01   3.806599568800000E-01   1.537979257500000E+00   1.775923968200000E+00   1.659720248300000E-01   1.548594188300000E+01   2.000000000000000E+00
   2.659040006700000E-01   3.830243926900000E-01   1.536873501800000E+00   1.774491539000000E+00   1.656414266700000E-01   1.548907289000000E+01   2.000000000000000E+00
   2.634856024700000E-01   3.853699122700000E-01   1.535788225600000E+00   1.773095758200000E+00   1.653159315100000E-01   1.549215651300000E+01   2.000000000000000E+00
   2.611103068900000E-01   3.876917410200000E-01   1.534720231500000E+00   1.771681619000000E+00   1.649923615200000E-01   1.549519351300000E+01   2.000000000000000E+00
   2.587779653600000E-01   3.899822255400000E-01   1.533662882900000E+00   1.770334621100000E+00   1.646697188900000E-01   1.549818459000000E+01   2.000000000000000E+00
   2.564884135600000E-01   3.922498071100000E-01   1.532592806300000E+00   1.768968369200000E+00   1.643525590400000E-01   1.550113038000000E+01   2.000000000000000E+00
   2.542414720900000E-01   3.944956329000000E-01   1.531582395700000E+00   1.767661436300000E+00   1.640366384400000E-01   1.550403146100000E+01   2.000000000000000E+00
   2.520369471800000E-01   3.967207122700000E-01   1.530549039600000E+00   1.766340931900000E+00   1.637230513200000E-01   1.550688835500000E+01   2.000000000000000E+00
   2.498746313800000E-01   3.989254186800000E-01   1.529552202600000E+00   1.765051542300000E+00   1.634128656700000E-01   1.550970153000000E+01   2.000000000000000E+00
   2.477543042800000E-01   4.011104446200000E-01   1.528543724000000E+00   1.763750131900000E+00   1.631030118400000E-01   1.551247140600000E+01   2.000000000000000E+00
   2.456757332700000E-01   4.032633576000000E-01   1.527574473800000E+00   1.762499660800000E+00   1.627976913500000E-01   1.551519835400000E+01   2.000000000000000E+00
   2.436386742900000E-01   4.054055444600000E-01   1.526576102000000E+00   1.761271257700000E+00   1.624962066100000E-01   1.551788270400000E+01   2.000000000000000E+00
   2.416428725800000E-01   4.075300065600000E-01   1.525644937300000E+00   1.760050680700000E+00   1.621950238500000E-01   1.552052474200000E+01   2.000000000000000E+00
   2.396880634700000E-01   4.096311554300000E-01   1.524696413600000E+00   1.758848511000000E+00   1.618971127800000E-01   1.552312471600000E+01   2.000000000000000E+00
   2.377739731200000E-01   4.117201696300000E-01   1.523751074100000E+00   1.757632256000000E+00   1.616011129300000E-01   1.552568283800000E+01   2.000000000000000E+00
   2.359003193100000E-01   4.137839109300000E-01   1.522838039100000E+00   1.756484489900000E+00   1.613090004800000E-01   1.552819928600000E+01   2.000000000000000E+00
   2.340668121800000E-01   4.158359279200000E-01   1.521914249000000E+00   1.755316965900000E+00   1.610181061000000E-01   1.553067420600000E+01   2.000000000000000E+00
   2.322731550200000E-01   4.178621977000000E-01   1.521027047600000E+00   1.754189083100000E+00   1.607295174000000E-01   1.553310771600000E+01   2.000000000000000E+00
   2.305190449700000E-01   4.198744194600000E-01   1.520120302500000E+00   1.753037514000000E+00   1.604426344800000E-01   1.553549990600000E+01   2.000000000000000E+00
   2.288041737800000E-01   4.218747620400000E-01   1.519259651600000E+00   1.751941158000000E+00   1.601589804100000E-01   1.553785083900000E+01   2.000000000000000E+00
   2.271282285700000E-01   4.238593456200000E-01   1.518361914200000E+00   1.750859819500000E+00   1.598783334300000E-01   1.554016056000000E+01   2.000000000000000E+00
   2.254908924600000E-01   4.258317636600000E-01   1.517534314600000E+00   1.749783449500000E+00   1.595993873400000E-01   1.554242908700000E+01   2.000000000000000E+00
   2.238918453300000E-01   4.277942748900000E-01   1.516678318400000E+00   1.748727159800000E+00   1.593222810900000E-01   1.554465642100000E+01   2.000000000000000E+00
   2.223307644400000E-01   4.297451499300000E-01   1.515847350700000E+00   1.747647983100000E+00   1.590474234300000E-01   1.554684254700000E+01   2.000000000000000E+00
   2.208073251500000E-01   4.316799839900000E-01   1.515009322700000E+00   1.746647561300000E+00   1.587735467100000E-01   1.554898743000000E+01   2.000000000000000E+00
   2.193212014900000E-01   4.335957217400000E-01   1.514187146000000E+00   1.745618707200000E+00   1.585042844400000E-01   1.555109102300000E+01   2.000000000000000E+00
   2.178720668300000E-01   4.355018048700000E-01   1.513395952600000E+00   1.744620184000000E+00   1.582343452500000E-01   1.555315326600000E+01   2.000000000000000E+00
   2.164595944200000E-01   4.373991518900000E-01   1.512589102200000E+00   1.743614512500000E+00   1.579688442600000E-01   1.555517408500000E+01   2.000000000000000E+00
   2.150834580300000E-01   4.392878793400000E-01   1.511801167500000E+00   1.742623921600000E+00   1.577039130700000E-01   1.555715339600000E+01   2.000000000000000E+00
   2.137433324200000E-01   4.411686199800000E-01   1.511021004700000E+00   1.741691710300000E+00   1.574416286900000E-01   1.555909110800000E+01   2.000000000000000E+00
   2.124388939600000E-01   4.430423419300000E-01   1.510246136800000E+00   1.740715194100000E+00   1.571792974400000E-01   1.556098711800000E+01   2.000000000000000E+00
   2.111698210300000E-01   4.449011809900000E-01   1.509477875200000E+00   1.739793992800000E+00   1.569216501500000E-01   1.556284131800000E+01   2.000000000000000E+00
   2.099357946200000E-01   4.467502814100000E-01   1.508731163200000E+00   1.738862350600000E+00   1.566638900100000E-01   1.556465359500000E+01   2.000000000000000E+00
   2.087364986800000E-01   4.485938488700000E-01   1.507982207900000E+00   1.737955972900000E+00   1.564077747100000E-01   1.556642382700000E+01   2.000000000000000E+00
   2.075716206600000E-01   4.504431105900000E-01   1.507246849600000E+00   1.737056525500000E+00   1.561545700600000E-01   1.556815189200000E+01   2.000000000000000E+00
   2.064408518500000E-01   4.522670550800000E-01   1.506493364900000E+00   1.736143136400000E+00   1.559023386100000E-01   1.556983766000000E+01   2.000000000000000E+00
   2.053438878000000E-01   4.540869157600000E-01   1.505787300600000E+00   1.735284447500000E+00   1.556501617400000E-01   1.557148100200000E+01   2.000000000000000E+00
   2.042804287200000E-01   4.559143861100000E-01   1.505056747800000E+00   1.734404782500000E+00   1.554020695500000E-01   1.557308178600000E+01   2.000000000000000E+00
   2.033642595000000E-01   4.575178381000000E-01   1.504436190100000E+00   1.733650393700000E+00   1.551824098300000E-01   1.557446699100000E+01   2.000000000000000E+00
   2.023633018300000E-01   4.593215583300000E-01   1.503720463000000E+00   1.732785739000000E+00   1.549346102100000E-01   1.557598698800000E+01   1.000000000000000E+00
   2.013949566200000E-01   4.611242785400000E-01   1.503033529500000E+00   1.731943799200000E+00   1.546906394000000E-01   1.557746412300000E+01   1.000000000000000E+00
   2.004590013400000E-01   4.629268777900000E-01   1.502327136800000E+00   1.731132167400000E+00   1.544462084800000E-01   1.557889817400000E+01   1.000000000000000E+00
   1.995551636200000E-01   4.647283040600000E-01   1.501648468400000E+00   1.730296607000000E+00   1.542031832300000E-01   1.558028900900000E+01   1.000000000000000E+00
   1.986831775400000E-01   4.665130998900000E-01   1.500951724300000E+00   1.729501623500000E+00   1.539615518500000E-01   1.558163649500000E+01   1.000000000000000E+00
   1.978427839100000E-01   4.683079331900000E-01   1.500296386400000E+00   1.728683854200000E+00   1.537221512200000E-01   1.558294049800000E+01   1.000000000000000E+00
   1.970337304500000E-01   4.700929403200000E-01   1.499611884000000E+00   1.727906274900000E+00   1.534820977700000E-01   1.558420089100000E+01   1.000000000000000E+00
   1.962557720400000E-01   4.718670987100000E-01   1.498960509600000E+00   1.727122016300000E+00   1.532443071900000E-01   1.558541754600000E+01   1.000000000000000E+00
   1.955086709100000E-01   4.736484361700000E-01   1.498290454700000E+00   1.726328978300000E+00   1.530068237800000E-01   1.558659033800000E+01   1.000000000000000E+00
   1.947921968400000E-01   4.754310860500000E-01   1.497639344200000E+00   1.725577759600000E+00   1.527692296700000E-01   1.558771914600000E+01   1.000000000000000E+00
   1.941061272900000E-01   4.772165018400000E-01   1.496972660800000E+00   1.724797642200000E+00   1.525348245600000E-01   1.558880385000000E+01   1.000000000000000E+00
   1.934502476200000E-01   4.789890107700000E-01   1.496348623600000E+00   1.724064238600000E+00   1.522989837300000E-01   1.558984433600000E+01   1.000000000000000E+00
   1.928243512200000E-01   4.807639256100000E-01   1.495701304800000E+00   1.723303427300000E+00   1.520650520500000E-01   1.559084049300000E+01   1.000000000000000E+00
   1.922282396000000E-01   4.825413366300000E-01   1.495069256300000E+00   1.722565603300000E+00   1.518305414900000E-01   1.559179221200000E+01   1.000000000000000E+00
   1.916617226000000E-01   4.843213076400000E-01   1.494422111900000E+00   1.721846213400000E+00   1.515985335000000E-01   1.559269939000000E+01   1.000000000000000E+00
   1.911246184300000E-01   4.861049551300000E-01   1.493798088500000E+00   1.721103758700000E+00   1.513659412400000E-01   1.559356192800000E+01   1.000000000000000E+00
   1.906167538200000E-01   4.878803553300000E-01   1.493164025600000E+00   1.720403706500000E+00   1.511325623700000E-01   1.559437972900000E+01   1.000000000000000E+00
   1.901379641200000E-01   4.896583050100000E-01   1.492546621000000E+00   1.719665808600000E+00   1.509019421300000E-01   1.559515270300000E+01   1.000000000000000E+00
   1.896880933700000E-01   4.914409259000000E-01   1.491930528200000E+00   1.718981034100000E+00   1.506700083000000E-01   1.559588076500000E+01   1.000000000000000E+00
   1.892669944000000E-01   4.932368960500000E-01   1.491313360800000E+00   1.718272213700000E+00   1.504382975900000E-01   1.559656383100000E+01   1.000000000000000E+00
   1.888745288700000E-01   4.950182659900000E-01   1.490678315000000E+00   1.717572104200000E+00   1.502077377900000E-01   1.559720182600000E+01   1.000000000000000E+00
   1.885105674000000E-01   4.968015828100000E-01   1.490082256900000E+00   1.716887482600000E+00   1.499756759900000E-01   1.559779467700000E+01   1.000000000000000E+00
   1.881749895700000E-01   4.986000632700000E-01   1.489459995900000E+00   1.716177212500000E+00   1.497445187600000E-01   1.559834231600000E+01   1.000000000000000E+00
   1.878676840100000E-01   5.003883467700000E-01   1.488859945300000E+00   1.715522179900000E+00   1.495135022000000E-01   1.559884468300000E+01   1.000000000000000E+00
   1.875885484400000E-01   5.021832512300000E-01   1.488256920500000E+00   1.714815037400000E+00   1.492825310200000E-01   1.559930171800000E+01   1.000000000000000E+00
   1.873374897100000E-01   5.039978094999999E-01   1.487653618300000E+00   1.714168142100000E+00   1.490494833400000E-01   1.559971337100000E+01   1.000000000000000E+00
   1.871144238500000E-01   5.057972443300000E-01   1.487044887200000E+00   1.713487336700000E+00   1.488186431800000E-01   1.560007959400000E+01   1.000000000000000E+00
   1.869192761000000E-01   5.076008505400000E-01   1.486434755400000E+00   1.712827651800000E+00   1.485862519800000E-01   1.560040034500000E+01   1.000000000000000E+00
   1.867519809300000E-01   5.094178410000000E-01   1.485847939200000E+00   1.712166979300000E+00   1.483527557000000E-01   1.560067558700000E+01   1.000000000000000E+00
   1.866124820800000E-01   5.112443158600000E-01   1.485242896300000E+00   1.711496877300000E+00   1.481195429900000E-01   1.560090528900000E+01   1.000000000000000E+00
   1.865007325900000E-01   5.130613653100000E-01   1.484636159900000E+00   1.710855753100000E+00   1.478860461900000E-01   1.560108942500000E+01   1.000000000000000E+00
   1.864166947600000E-01   5.148904002200000E-01   1.484050192000000E+00   1.710178030900000E+00   1.476509343600000E-01   1.560122797200000E+01   1.000000000000000E+00
   1.863603402600000E-01   5.167174406100000E-01   1.483451157600000E+00   1.709554134000000E+00   1.474156174000000E-01   1.560132091500000E+01   1.000000000000000E+00
   1.863316500600000E-01   5.185537901700000E-01   1.482841776000000E+00   1.708883163100000E+00   1.471779294900000E-01   1.560136824400000E+01   1.000000000000000E+00
   1.863306144700000E-01   5.186950925500000E-01   1.482799951700000E+00   1.708835461500000E+00   1.471606184800000E-01   1.560136995200000E+01   1.000000000000000E+00
   1.863572331500000E-01   5.168526002500000E-01   1.483411625000000E+00   1.709505250100000E+00   1.473974688900000E-01   1.560132604000000E+01   1.000000000000000E+00
   1.864115150700000E-01   5.150195508900000E-01   1.483996481200000E+00   1.710121061600000E+00   1.476336443800000E-01   1.560123651300000E+01   1.000000000000000E+00
   1.864934785600000E-01   5.131923058000000E-01   1.484594537700000E+00   1.710795444600000E+00   1.478684197100000E-01   1.560110138100000E+01   1.000000000000000E+00
   1.866031512900000E-01   5.113747301000000E-01   1.485204568200000E+00   1.711456207100000E+00   1.481022708300000E-01   1.560092066000000E+01   1.000000000000000E+00
   1.867405702200000E-01   5.095602631900000E-01   1.485790867800000E+00   1.712114451000000E+00   1.483350469900000E-01   1.560069437000000E+01   1.000000000000000E+00
   1.869057816300000E-01   5.077368982300000E-01   1.486383376200000E+00   1.712780003700000E+00   1.485689850500000E-01   1.560042253800000E+01   1.000000000000000E+00
   1.870988410900000E-01   5.059332991700000E-01   1.487003080700000E+00   1.713434013500000E+00   1.488009333500000E-01   1.560010519400000E+01   1.000000000000000E+00
   1.873198134300000E-01   5.041302111700000E-01   1.487605446800000E+00   1.714118686600000E+00   1.490326342800000E-01   1.559974237500000E+01   1.000000000000000E+00
   1.875687727200000E-01   5.023312543500000E-01   1.488214050000000E+00   1.714781004500000E+00   1.492645920400000E-01   1.559933412400000E+01   1.000000000000000E+00
   1.878458022400000E-01   5.005276275100000E-01   1.488808815300000E+00   1.715463909900000E+00   1.494960325300000E-01   1.559888048500000E+01   1.000000000000000E+00
   1.881509944700000E-01   4.987273338900000E-01   1.489420749000000E+00   1.716143516500000E+00   1.497279951800000E-01   1.559838151200000E+01   1.000000000000000E+00
   1.884844509800000E-01   4.969334893600000E-01   1.490026584000000E+00   1.716813631600000E+00   1.499590909300000E-01   1.559783726100000E+01   1.000000000000000E+00
   1.888462824900000E-01   4.951463076600000E-01   1.490645366800000E+00   1.717530254000000E+00   1.501901463100000E-01   1.559724779500000E+01   1.000000000000000E+00
   1.892366087200000E-01   4.933648123400000E-01   1.491267691900000E+00   1.718206112000000E+00   1.504204811800000E-01   1.559661317900000E+01   1.000000000000000E+00
   1.896555583900000E-01   4.915759821000000E-01   1.491877242700000E+00   1.718911174000000E+00   1.506529683600000E-01   1.559593348600000E+01   1.000000000000000E+00
   1.901032691700000E-01   4.897915345000000E-01   1.492495671100000E+00   1.719633625700000E+00   1.508843225300000E-01   1.559520879200000E+01   1.000000000000000E+00
   1.905798875700000E-01   4.880118150900000E-01   1.493130433500000E+00   1.720333253300000E+00   1.511155012800000E-01   1.559443917800000E+01   1.000000000000000E+00
   1.910855689000000E-01   4.862356203700000E-01   1.493750782000000E+00   1.721068712500000E+00   1.513486100200000E-01   1.559362473100000E+01   1.000000000000000E+00
   1.916204771600000E-01   4.844636890600000E-01   1.494375031500000E+00   1.721768215800000E+00   1.515798422500000E-01   1.559276554200000E+01   1.000000000000000E+00
   1.921847849800000E-01   4.826829792100000E-01   1.495022089900000E+00   1.722525299800000E+00   1.518142498600000E-01   1.559186170400000E+01   1.000000000000000E+00
   1.927786735000000E-01   4.808967839600000E-01   1.495659128300000E+00   1.723248633300000E+00   1.520469905200000E-01   1.559091331700000E+01   1.000000000000000E+00
   1.934023322900000E-01   4.791197931800000E-01   1.496282913200000E+00   1.724006583600000E+00   1.522822667600000E-01   1.558992048500000E+01   1.000000000000000E+00
   1.940559591700000E-01   4.773452734300000E-01   1.496944280200000E+00   1.724745156200000E+00   1.525165770700000E-01   1.558888331500000E+01   1.000000000000000E+00
   1.947397601900000E-01   4.755693318400000E-01   1.497582224600000E+00   1.725518111400000E+00   1.527518921500000E-01   1.558780191800000E+01   1.000000000000000E+00
   1.954539493900000E-01   4.737840693900000E-01   1.498248089700000E+00   1.726275567500000E+00   1.529893249800000E-01   1.558667641000000E+01   1.000000000000000E+00
   1.961987486900000E-01   4.720001956800000E-01   1.498910419700000E+00   1.727061598400000E+00   1.532259520300000E-01   1.558550690800000E+01   1.000000000000000E+00
   1.969743877800000E-01   4.702270283000000E-01   1.499576539700000E+00   1.727849845900000E+00   1.534642154600000E-01   1.558429353400000E+01   1.000000000000000E+00
   1.977811038400000E-01   4.684411978300000E-01   1.500237838700000E+00   1.728611293100000E+00   1.537041889500000E-01   1.558303641300000E+01   1.000000000000000E+00
   1.986191414600000E-01   4.666467853300000E-01   1.500912494300000E+00   1.729443365700000E+00   1.539435059700000E-01   1.558173567100000E+01   1.000000000000000E+00
   1.994887523900000E-01   4.648515106800000E-01   1.501602043700000E+00   1.730253550800000E+00   1.541858230300000E-01   1.558039143800000E+01   1.000000000000000E+00
   2.003901953100000E-01   4.630571389200000E-01   1.502269730400000E+00   1.731040158500000E+00   1.544269261100000E-01   1.557900384600000E+01   1.000000000000000E+00
   2.013237356500000E-01   4.612615176300000E-01   1.502979155800000E+00   1.731901868000000E+00   1.546722127100000E-01   1.557757302600000E+01   1.000000000000000E+00
   2.022896452900000E-01   4.594581132800000E-01   1.503676911800000E+00   1.732740520200000E+00   1.549174545800000E-01   1.557609911400000E+01   1.000000000000000E+00
   2.032882023300000E-01   4.576480604500000E-01   1.504368904400000E+00   1.733559260500000E+00   1.551627129900000E-01   1.557458224400000E+01   1.000000000000000E+00
   2.033642559200000E-01   4.575124979600000E-01   1.504418160400000E+00   1.733619051700000E+00   1.551810518900000E-01   1.557446699600000E+01   1.000000000000000E+00
   2.043981626900000E-01   4.557108089900000E-01   1.505150232500000E+00   1.734495697300000E+00   1.554299187000000E-01   1.557290419100000E+01   2.000000000000000E+00
   2.054653685400000E-01   4.538859217300000E-01   1.505849059200000E+00   1.735380434500000E+00   1.556797650200000E-01   1.557129862300000E+01   2.000000000000000E+00
   2.065661127800000E-01   4.520575416200000E-01   1.506594715500000E+00   1.736250664200000E+00   1.559293093400000E-01   1.556965051100000E+01   2.000000000000000E+00
   2.077006957400000E-01   4.502255302300000E-01   1.507320498500000E+00   1.737154748400000E+00   1.561832780200000E-01   1.556795998800000E+01   2.000000000000000E+00
   2.088694223400000E-01   4.483900549700000E-01   1.508063682700000E+00   1.738039974500000E+00   1.564364218000000E-01   1.556622718300000E+01   2.000000000000000E+00
   2.100726017600000E-01   4.465494730300000E-01   1.508817766000000E+00   1.738977540600000E+00   1.566927256000000E-01   1.556445222400000E+01   2.000000000000000E+00
   2.113105469600000E-01   4.447005261100000E-01   1.509564850100000E+00   1.739881049100000E+00   1.569490352000000E-01   1.556263523500000E+01   2.000000000000000E+00
   2.125835743400000E-01   4.428324834900000E-01   1.510336670000000E+00   1.740846371600000E+00   1.572098784400000E-01   1.556077633500000E+01   2.000000000000000E+00
   2.138920032400000E-01   4.409579249200000E-01   1.511110175600000E+00   1.741763745200000E+00   1.574706979000000E-01   1.555887563800000E+01   2.000000000000000E+00
   2.152361555100000E-01   4.390825584300000E-01   1.511885493800000E+00   1.742765300800000E+00   1.577337389700000E-01   1.555693325100000E+01   2.000000000000000E+00
   2.166163550000000E-01   4.371885441000000E-01   1.512683166000000E+00   1.743717361100000E+00   1.579976853300000E-01   1.555494927500000E+01   2.000000000000000E+00
   2.180329270700000E-01   4.352863697600000E-01   1.513481205300000E+00   1.744734828500000E+00   1.582657505400000E-01   1.555292380200000E+01   2.000000000000000E+00
   2.194861980600000E-01   4.333862620100000E-01   1.514282007900000E+00   1.745731846800000E+00   1.585343414200000E-01   1.555085691400000E+01   2.000000000000000E+00
   2.209764947100000E-01   4.314622768100000E-01   1.515112904400000E+00   1.746753072200000E+00   1.588040057900000E-01   1.554874868200000E+01   2.000000000000000E+00
   2.225041436300000E-01   4.295223467400000E-01   1.515936953500000E+00   1.747792820900000E+00   1.590783865000000E-01   1.554659916700000E+01   2.000000000000000E+00
   2.240694706400000E-01   4.275709345900000E-01   1.516781690600000E+00   1.748846234300000E+00   1.593520639800000E-01   1.554440841400000E+01   2.000000000000000E+00
   2.256728002400000E-01   4.256112162200000E-01   1.517615155700000E+00   1.749883123900000E+00   1.596305416000000E-01   1.554217645400000E+01   2.000000000000000E+00
   2.273144548700000E-01   4.236398505600000E-01   1.518486814800000E+00   1.750984968300000E+00   1.599099297700000E-01   1.553990330300000E+01   2.000000000000000E+00
   2.289947543300000E-01   4.216624799700000E-01   1.519348022500000E+00   1.752081773200000E+00   1.601917179700000E-01   1.553758895800000E+01   2.000000000000000E+00
   2.307140150800000E-01   4.196533507800000E-01   1.520233490100000E+00   1.753175848000000E+00   1.604755484900000E-01   1.553523339500000E+01   2.000000000000000E+00
   2.324725495400000E-01   4.176308714200000E-01   1.521122499200000E+00   1.754308899800000E+00   1.607608457700000E-01   1.553283657100000E+01   2.000000000000000E+00
   2.342706653700000E-01   4.155958365900000E-01   1.522026452100000E+00   1.755455013900000E+00   1.610500370900000E-01   1.553039841700000E+01   2.000000000000000E+00
   2.361086647800000E-01   4.135434387000000E-01   1.522933639600000E+00   1.756592309200000E+00   1.613409795800000E-01   1.552791884100000E+01   2.000000000000000E+00
   2.379868437500000E-01   4.114757651400000E-01   1.523865582900000E+00   1.757791926700000E+00   1.616351800900000E-01   1.552539772200000E+01   2.000000000000000E+00
   2.399054913200000E-01   4.093957466300000E-01   1.524798221800000E+00   1.758952786000000E+00   1.619306808700000E-01   1.552283491200000E+01   2.000000000000000E+00
   2.418648888100000E-01   4.072883817600000E-01   1.525746104100000E+00   1.760188933800000E+00   1.622280660600000E-01   1.552023022700000E+01   2.000000000000000E+00
   2.438653090500000E-01   4.051638601900000E-01   1.526706734700000E+00   1.761406937700000E+00   1.625301354300000E-01   1.551758345200000E+01   2.000000000000000E+00
   2.459070156600000E-01   4.030303102200000E-01   1.527684377500000E+00   1.762649044200000E+00   1.628327803100000E-01   1.551489433500000E+01   2.000000000000000E+00
   2.479902622200000E-01   4.008632727400000E-01   1.528649085300000E+00   1.763918704000000E+00   1.631384055000000E-01   1.551216258500000E+01   2.000000000000000E+00
   2.501152915600000E-01   3.986771451800000E-01   1.529665567000000E+00   1.765162837500000E+00   1.634476906100000E-01   1.550938786800000E+01   2.000000000000000E+00
   2.522823349300000E-01   3.964731178100000E-01   1.530675548100000E+00   1.766462837000000E+00   1.637572459600000E-01   1.550656980700000E+01   2.000000000000000E+00
   2.544916113500000E-01   3.942497100900000E-01   1.531674694900000E+00   1.767806274300000E+00   1.640719049500000E-01   1.550370797800000E+01   2.000000000000000E+00
   2.567433267600000E-01   3.920051016300000E-01   1.532732804000000E+00   1.769136706900000E+00   1.643882469400000E-01   1.550080190500000E+01   2.000000000000000E+00
   2.590376733500000E-01   3.897286447700000E-01   1.533760591200000E+00   1.770481133700000E+00   1.647059244800000E-01   1.549785106100000E+01   2.000000000000000E+00
   2.613748288700000E-01   3.874287340500000E-01   1.534842628700000E+00   1.771848290900000E+00   1.650287528300000E-01   1.549485486100000E+01   2.000000000000000E+00
   2.637549559000000E-01   3.851057258600000E-01   1.535899188900000E+00   1.773253538100000E+00   1.653519089200000E-01   1.549181266300000E+01   2.000000000000000E+00
   2.661782011900000E-01   3.827603132700000E-01   1.536996884400000E+00   1.774631529800000E+00   1.656792621500000E-01   1.548872376100000E+01   2.000000000000000E+00
   2.686446950900000E-01   3.803908202300000E-01   1.538100458500000E+00   1.776082968000000E+00   1.660089584600000E-01   1.548558738300000E+01   2.000000000000000E+00
   2.711545508600000E-01   3.779960988900000E-01   1.539217411500000E+00   1.777530386900000E+00   1.663393096600000E-01   1.548240268900000E+01   2.000000000000000E+00
   2.737078641900000E-01   3.755679262400000E-01   1.540348736200000E+00   1.778971139600000E+00   1.666761185300000E-01   1.547916876400000E+01   2.000000000000000E+00
   2.763047126400000E-01   3.731117317700000E-01   1.541476306300000E+00   1.780481680700000E+00   1.670128470000000E-01   1.547588462000000E+01   2.000000000000000E+00
   2.789451551700000E-01   3.706283952500000E-01   1.542642811200000E+00   1.781978796400000E+00   1.673529616600000E-01   1.547254918600000E+01   2.000000000000000E+00
   2.816292316900000E-01   3.681228342400000E-01   1.543814593100000E+00   1.783508487500000E+00   1.676968261100000E-01   1.546916131000000E+01   2.000000000000000E+00
   2.843569627100000E-01   3.655865462600000E-01   1.544979308000000E+00   1.785027965300000E+00   1.680407929200000E-01   1.546571975200000E+01   2.000000000000000E+00
   2.871283489800000E-01   3.630203909600000E-01   1.546191281200000E+00   1.786600463900000E+00   1.683904345700000E-01   1.546222318000000E+01   2.000000000000000E+00
   2.899433712600000E-01   3.604187179800000E-01   1.547391063800000E+00   1.788190691400000E+00   1.687414319800000E-01   1.545867016900000E+01   2.000000000000000E+00
   2.928019900400000E-01   3.577815016600000E-01   1.548626770400000E+00   1.789788923600000E+00   1.690940163400000E-01   1.545505919400000E+01   2.000000000000000E+00
   2.957041454400000E-01   3.551132021100000E-01   1.549849207700000E+00   1.791379066800000E+00   1.694520080700000E-01   1.545138862900000E+01   2.000000000000000E+00
   2.986497570600000E-01   3.524118363900000E-01   1.551108504900000E+00   1.793042854800000E+00   1.698098655800000E-01   1.544765673800000E+01   2.000000000000000E+00
   3.016387239900000E-01   3.496798708500000E-01   1.552364699900000E+00   1.794707446000000E+00   1.701721679600000E-01   1.544386167900000E+01   2.000000000000000E+00
   3.046709248000000E-01   3.469147758800000E-01   1.553656126100000E+00   1.796366173800000E+00   1.705373038300000E-01   1.544000149200000E+01   2.000000000000000E+00
   3.077462176500000E-01   3.441156428300000E-01   1.554945799200000E+00   1.798062808000000E+00   1.709023594400000E-01   1.543607410000000E+01   2.000000000000000E+00
   3.108644404200000E-01   3.412815855400000E-01   1.556246735100000E+00   1.799792933100000E+00   1.712738829600000E-01   1.543207730200000E+01   2.000000000000000E+00
   3.140254109500000E-01   3.384124362200000E-01   1.557552548300000E+00   1.801519158600000E+00   1.716463628000000E-01   1.542800877000000E+01   2.000000000000000E+00
   3.172289272600000E-01   3.355060730600000E-01   1.558898996700000E+00   1.803265318200000E+00   1.720195764400000E-01   1.542386604600000E+01   2.000000000000000E+00
   3.204747679500000E-01   3.325641589100000E-01   1.560233527000000E+00   1.805012979100000E+00   1.723991998500000E-01   1.541964653400000E+01   2.000000000000000E+00
   3.237626925200000E-01   3.295852431600000E-01   1.561586665900000E+00   1.806826452500000E+00   1.727789571900000E-01   1.541534750200000E+01   2.000000000000000E+00
   3.270924418400000E-01   3.265726754600000E-01   1.562962977800000E+00   1.808611282200000E+00   1.731609867900000E-01   1.541096606900000E+01   2.000000000000000E+00
   3.304637386900000E-01   3.235137674000000E-01   1.564347232300000E+00   1.810445341400000E+00   1.735478316700000E-01   1.540649921000000E+01   2.000000000000000E+00
   3.338762882100000E-01   3.204162530500000E-01   1.565727591900000E+00   1.812300197000000E+00   1.739347850300000E-01   1.540194374300000E+01   2.000000000000000E+00
   3.373297785400000E-01   3.172762962000000E-01   1.567146666100000E+00   1.814143816100000E+00   1.743253513400000E-01   1.539729633000000E+01   2.000000000000000E+00
   3.408238814400000E-01   3.141006834800000E-01   1.568555330400000E+00   1.816004653600000E+00   1.747194741000000E-01   1.539255347300000E+01   2.000000000000000E+00
   3.443582529600000E-01   3.108845905300000E-01   1.569977444200000E+00   1.817916832800000E+00   1.751136965500000E-01   1.538771150400000E+01   2.000000000000000E+00
   3.479325341100000E-01   3.076284566900000E-01   1.571432733800000E+00   1.819827837300000E+00   1.755122624000000E-01   1.538276658400000E+01   2.000000000000000E+00
   3.515463515900000E-01   3.043289820800000E-01   1.572874791700000E+00   1.821735713100000E+00   1.759138939300000E-01   1.537771470100000E+01   2.000000000000000E+00
   3.551993185500000E-01   3.009874257000000E-01   1.574331858600000E+00   1.823658150000000E+00   1.763156388300000E-01   1.537255165900000E+01   2.000000000000000E+00
   3.588910353200000E-01   2.976140584700000E-01   1.575814890700000E+00   1.825623865900000E+00   1.767215847500000E-01   1.536727307800000E+01   2.000000000000000E+00
   3.626210901700000E-01   2.941861540100000E-01   1.577282902900000E+00   1.827608949800000E+00   1.771308000400000E-01   1.536187438600000E+01   2.000000000000000E+00
   3.663890601100000E-01   2.907147838400000E-01   1.578788629000000E+00   1.829596333800000E+00   1.775401672200000E-01   1.535635081700000E+01   2.000000000000000E+00
   3.701945116200000E-01   2.871959883200000E-01   1.580300573700000E+00   1.831584285000000E+00   1.779530442900000E-01   1.535069740500000E+01   2.000000000000000E+00
   3.740370014400000E-01   2.836361884800000E-01   1.581807637400000E+00   1.833603990300000E+00   1.783699167300000E-01   1.534490897600000E+01   2.000000000000000E+00
   3.779160772800000E-01   2.800314317100000E-01   1.583316256200000E+00   1.835626563700000E+00   1.787870082600000E-01   1.533898014800000E+01   2.000000000000000E+00
   3.818312785400000E-01   2.763849936700000E-01   1.584856196900000E+00   1.837634621500000E+00   1.792060961500000E-01   1.533290532400000E+01   2.000000000000000E+00
   3.857821370300000E-01   2.726891974800000E-01   1.586404385800000E+00   1.839703457800000E+00   1.796309454500000E-01   1.532667868600000E+01   2.000000000000000E+00
   3.897681775600000E-01   2.689472303800000E-01   1.587954371300000E+00   1.841775111000000E+00   1.800561144600000E-01   1.532029418900000E+01   2.000000000000000E+00
   3.937889186200000E-01   2.651494564400000E-01   1.589494586700000E+00   1.843837067400000E+00   1.804815477800000E-01   1.531374556200000E+01   2.000000000000000E+00
   3.978438728800000E-01   2.613103427200000E-01   1.591067747600000E+00   1.845903024800000E+00   1.809135208700000E-01   1.530702629700000E+01   2.000000000000000E+00

