   0.000000000000000E+00   1.100295746000000E+00   1.100295746000000E+00   1.210650728700000E+00   2.053451132700000E-01   5.734324130100000E+00
  -8.326117708000000E-15   1.098713620000000E+00   1.101875532000000E+00   1.212993224200000E+00   2.053442964200000E-01   5.734345264600000E+00
  -5.524979756000000E-15   1.098448831000000E+00   1.102139472800000E+00   1.213384384000000E+00   2.053440004900000E-01   5.734352923900000E+00
  -6.614509453100000E-15   1.093687072100000E+00   1.106863126100000E+00   1.220375076800000E+00   2.053309339400000E-01   5.734691156500000E+00
  -1.068874011400000E-14   1.088904418200000E+00   1.111565065000000E+00   1.227314120100000E+00   2.053031815600000E-01   5.735409833700000E+00
  -1.176147793700000E-14   1.084102289500000E+00   1.116243850300000E+00   1.234199610700000E+00   2.052607728100000E-01   5.736508831700000E+00
  -1.033471704300000E-14   1.079281192700000E+00   1.120898885500000E+00   1.241032203400000E+00   2.052037521000000E-01   5.737987976700000E+00
  -1.143184454000000E-14   1.074441551200000E+00   1.125529772600000E+00   1.247809648300000E+00   2.051321790200000E-01   5.739847035900000E+00
  -8.572200242699999E-15   1.069585129700000E+00   1.130134981300000E+00   1.254530439100000E+00   2.050461296600000E-01   5.742085679300000E+00
  -8.731471830199999E-15   1.064711583600000E+00   1.134715388900000E+00   1.261195321600000E+00   2.049456977500000E-01   5.744703447400000E+00
  -1.170122955800000E-14   1.059823024600000E+00   1.139269469500000E+00   1.267801879800000E+00   2.048309752800000E-01   5.747700250700000E+00
  -1.241554151300000E-14   1.054916763200000E+00   1.143795796700000E+00   1.274350072400000E+00   2.047020866400000E-01   5.751075474300000E+00
  -1.391223827700000E-14   1.049997674900000E+00   1.148296639100000E+00   1.280841385500000E+00   2.045591640800000E-01   5.754828612600000E+00
  -1.453715419700000E-14   1.045063463100000E+00   1.152768601700000E+00   1.287272921500000E+00   2.044023534100000E-01   5.758959111900000E+00
  -1.000243215500000E-14   1.040117510800000E+00   1.157210858100000E+00   1.293642709700000E+00   2.042318137000000E-01   5.763466372300000E+00
  -1.607083788600000E-14   1.035158767200000E+00   1.161626771500000E+00   1.299952280400000E+00   2.040477168300000E-01   5.768349751000000E+00
  -9.375735824100000E-15   1.030190184000000E+00   1.166011659300000E+00   1.306198290500000E+00   2.038502470300000E-01   5.773608565000000E+00
  -1.190081805200000E-14   1.025207028700000E+00   1.170365072000000E+00   1.312387209900000E+00   2.036396004500000E-01   5.779242094500000E+00
  -1.066623003100000E-14   1.020216449500000E+00   1.174691663800000E+00   1.318509699900000E+00   2.034159846400000E-01   5.785249585600000E+00
  -9.284614731700000E-15   1.015216708700000E+00   1.178984921200000E+00   1.324571523400000E+00   2.031796180700000E-01   5.791630254500000E+00
  -1.258623556900000E-14   1.010205522100000E+00   1.183245310100000E+00   1.330571445700000E+00   2.029307295700000E-01   5.798383290200000E+00
  -1.031682943400000E-14   1.005190088100000E+00   1.187478370000000E+00   1.336504795800000E+00   2.026695578100000E-01   5.805507858700000E+00
  -6.603491130700000E-15   1.000163739300000E+00   1.191677054500000E+00   1.342373466300000E+00   2.023963507200000E-01   5.813003106600000E+00
  -8.840796029600001E-15   9.951332187600000E-01   1.195841412200000E+00   1.348183444800000E+00   2.021113649600000E-01   5.820868164700000E+00
  -7.525914403300000E-15   9.900961883900000E-01   1.199975878300000E+00   1.353925628000000E+00   2.018148653400000E-01   5.829102151900000E+00
  -8.514890738800000E-15   9.850541885100000E-01   1.204076737600000E+00   1.359604728400000E+00   2.015071242000000E-01   5.837704178900000E+00
  -6.558326965800000E-15   9.800105604900000E-01   1.208142198000000E+00   1.365216025900000E+00   2.011884209000000E-01   5.846673352500000E+00
  -5.251781362500000E-15   9.749638927800000E-01   1.212173565600000E+00   1.370766553000000E+00   2.008590412000000E-01   5.856008779000000E+00
  -9.516725235699999E-15   9.699058930000000E-01   1.216173592800000E+00   1.376246690000000E+00   2.005192766800000E-01   5.865709568300000E+00
  -1.161522083400000E-14   9.648482546100000E-01   1.220139545500000E+00   1.381667759100000E+00   2.001694242100000E-01   5.875774837500000E+00
  -8.423264740100000E-15   9.597954343800000E-01   1.224069586100000E+00   1.387022064500000E+00   1.998097853200000E-01   5.886203715100000E+00
  -7.581788689200000E-15   9.547326668600000E-01   1.227963900500000E+00   1.392314373200000E+00   1.994406657000000E-01   5.896995344300000E+00
  -1.108264419500000E-14   9.496725091900000E-01   1.231821047100000E+00   1.397538111400000E+00   1.990623746300000E-01   5.908148887000000E+00
  -1.292694117900000E-14   9.446130814900000E-01   1.235647640800000E+00   1.402698820800000E+00   1.986752244300000E-01   5.919663527300000E+00
  -1.431040971200000E-14   9.395551811800000E-01   1.239437156700000E+00   1.407789810100000E+00   1.982795299600000E-01   5.931538475200000E+00
  -8.573530298900000E-15   9.345021767000000E-01   1.243194103300000E+00   1.412822039000000E+00   1.978756080900000E-01   5.943772969800000E+00
  -1.102554711200000E-14   9.294426003600000E-01   1.246911366900000E+00   1.417793463700000E+00   1.974637772100000E-01   5.956366282700000E+00
  -8.062833878500000E-15   9.243871691000000E-01   1.250596505300000E+00   1.422695908600000E+00   1.970443567700000E-01   5.969317721800000E+00
  -1.096714909200000E-14   9.193384728200000E-01   1.254243719700000E+00   1.427529794200000E+00   1.966176705600000E-01   5.982626515300000E+00
  -1.277054192400000E-14   9.142929193600000E-01   1.257850436000000E+00   1.432308347400000E+00   1.961840536100000E-01   5.996291576600000E+00
  -1.212126844200000E-14   9.092511359300000E-01   1.261429542100000E+00   1.437024338900000E+00   1.957437850300000E-01   6.010313625800000E+00
  -1.000816067800000E-14   9.042079367000000E-01   1.264970627300000E+00   1.441672529900000E+00   1.952972060100000E-01   6.024691453800000E+00
  -8.414653104099999E-15   8.991735723700000E-01   1.268474244400000E+00   1.446259620900000E+00   1.948446346000000E-01   6.039424594200000E+00
  -9.268485806199999E-15   8.941456559900000E-01   1.271940934200000E+00   1.450785784100000E+00   1.943863873500000E-01   6.054512633800000E+00
  -1.064772833000000E-14   8.891279432700000E-01   1.275369360900000E+00   1.455244733200000E+00   1.939227790100000E-01   6.069955215900000E+00
  -1.622361037000000E-14   8.841125126000000E-01   1.278767739700000E+00   1.459649593200000E+00   1.934541221600000E-01   6.085752042400000E+00
  -1.228310115500000E-14   8.790977107300000E-01   1.282127901700000E+00   1.463988924000000E+00   1.929807268900000E-01   6.101902876500000E+00
  -7.449049793700000E-15   8.740944825000000E-01   1.285449954500000E+00   1.468261803400000E+00   1.925029005300000E-01   6.118407544600000E+00
  -1.644361330300000E-14   8.691027552000000E-01   1.288733237200000E+00   1.472486006100000E+00   1.920209473400000E-01   6.135265938700000E+00
  -1.532370724900000E-14   8.641213192800000E-01   1.291987939700000E+00   1.476636908000000E+00   1.915351682400000E-01   6.152478018500000E+00
  -1.011300110900000E-14   8.591375847000000E-01   1.295204820100000E+00   1.480737756200000E+00   1.910458606400000E-01   6.170043813600000E+00
  -1.191361765100000E-14   8.541684197900000E-01   1.298383832700000E+00   1.484786773300000E+00   1.905533181000000E-01   6.187963425100000E+00
  -1.390855029000000E-14   8.492147034999999E-01   1.301527908600000E+00   1.488767365500000E+00   1.900578302300000E-01   6.206237027700000E+00
  -1.079884251600000E-14   8.442622987300000E-01   1.304634365900000E+00   1.492683606800000E+00   1.895596824200000E-01   6.224864871200000E+00
  -1.682171739800000E-14   8.393211269300000E-01   1.307706116900000E+00   1.496547161600000E+00   1.890591556900000E-01   6.243847282600000E+00
  -9.580823877200000E-15   8.343898538400000E-01   1.310744562000000E+00   1.500364864800000E+00   1.885565265500000E-01   6.263184667500000E+00
  -1.733394684900000E-14   8.294741260300000E-01   1.313745811200000E+00   1.504119796100000E+00   1.880520668100000E-01   6.282877511600000E+00
  -1.205390335400000E-14   8.245690483000000E-01   1.316704340700000E+00   1.507808079300000E+00   1.875460434900000E-01   6.302926382400000E+00
  -1.573655587700000E-14   8.196699575000000E-01   1.319639052100000E+00   1.511444378500000E+00   1.870387186700000E-01   6.323331930400000E+00
  -1.251237556900000E-14   8.147874885900001E-01   1.322537076800000E+00   1.515038871400000E+00   1.865303494100000E-01   6.344094890900000E+00
  -1.124574208800000E-14   8.099153887800000E-01   1.325398384000000E+00   1.518571604400000E+00   1.860211876500000E-01   6.365216084700000E+00
  -1.538571263200000E-14   8.050598875700000E-01   1.328222514400000E+00   1.522041588900000E+00   1.855114801100000E-01   6.386696420100000E+00
  -1.296226071400000E-14   8.002220832100000E-01   1.331010363800000E+00   1.525457980100000E+00   1.850014682700000E-01   6.408536893900000E+00
  -1.707411912100000E-14   7.953790930600000E-01   1.333764974000000E+00   1.528824747200000E+00   1.844913882400000E-01   6.430738592400000E+00
  -1.151845589200000E-14   7.905623351000000E-01   1.336490271800000E+00   1.532153727000000E+00   1.839814708000000E-01   6.453302692900000E+00
  -1.806146636200000E-14   7.857641872700000E-01   1.339179939900000E+00   1.535424154500000E+00   1.834719413000000E-01   6.476230464600000E+00
  -1.103818512300000E-14   7.809757261100000E-01   1.341824245800000E+00   1.538629207000000E+00   1.829630196500000E-01   6.499523270200000E+00
  -1.132479080300000E-14   7.761916560800000E-01   1.344444621700000E+00   1.541788151000000E+00   1.824549203200000E-01   6.523182566400000E+00
  -1.831091263000000E-14   7.714270039200000E-01   1.347034041700000E+00   1.544910523900000E+00   1.819478522800000E-01   6.547209905500000E+00
  -1.971785789500000E-14   7.666830725400000E-01   1.349590707900000E+00   1.547967735200000E+00   1.814420190900000E-01   6.571606936200000E+00
  -1.547527101100000E-14   7.619592075500000E-01   1.352109127100000E+00   1.550988107100000E+00   1.809376187900000E-01   6.596375405000000E+00
  -1.980907347700000E-14   7.572458607600000E-01   1.354593112900000E+00   1.553952272200000E+00   1.804348440000000E-01   6.621517156700000E+00
  -1.581198534600000E-14   7.525342247500000E-01   1.357041978500000E+00   1.556851779400000E+00   1.799338819100000E-01   6.647034136000000E+00
  -1.963134767700000E-14   7.478520482400000E-01   1.359457379600000E+00   1.559732194500000E+00   1.794349142900000E-01   6.672928388400000E+00
  -1.577703344900000E-14   7.431908864400000E-01   1.361838991600000E+00   1.562557907900000E+00   1.789381175300000E-01   6.699202061200000E+00
  -1.190095553700000E-14   7.385483188300001E-01   1.364185755600000E+00   1.565324025000000E+00   1.784436627000000E-01   6.725857404300000E+00
  -1.588710380400000E-14   7.339055822800000E-01   1.366509797500000E+00   1.568058974200000E+00   1.779517155500000E-01   6.752896772000000E+00
  -2.033601976400000E-14   7.292845830600000E-01   1.368802334500000E+00   1.570740428400000E+00   1.774624365600000E-01   6.780322623000000E+00
  -1.568292349000000E-14   7.246904015200000E-01   1.371066791800000E+00   1.573364061700000E+00   1.769759810100000E-01   6.808137522500000E+00
  -2.064186503300000E-14   7.201185646500000E-01   1.373288898400000E+00   1.575959749900000E+00   1.764924990400000E-01   6.836344142700000E+00
  -2.022683754100000E-14   7.155477113199999E-01   1.375478592500000E+00   1.578516530600000E+00   1.760121356500000E-01   6.864945263800000E+00
  -1.495634544200000E-14   7.110108377000000E-01   1.377640523000000E+00   1.581014104000000E+00   1.755350308200000E-01   6.893943775700000E+00
  -1.913373217400000E-14   7.064762626600000E-01   1.379772333500000E+00   1.583482256300000E+00   1.750613195200000E-01   6.923342678200000E+00
  -1.950094518400000E-14   7.019648004700000E-01   1.381872374500000E+00   1.585899560300000E+00   1.745911318200000E-01   6.953145083000000E+00
  -2.203826186100000E-14   6.974840103200000E-01   1.383938800900000E+00   1.588276680300000E+00   1.741245929000000E-01   6.983354214300000E+00
  -2.374875051000000E-14   6.930094226700000E-01   1.385973264900000E+00   1.590605347800000E+00   1.736618231800000E-01   7.013973410100000E+00
  -1.491785939000000E-14   6.885585918300000E-01   1.387976701900000E+00   1.592884140300000E+00   1.732029383400000E-01   7.045006123600000E+00
  -2.145671128600000E-14   6.841356548300001E-01   1.389942305000000E+00   1.595154802600000E+00   1.727480493900000E-01   7.076455923700000E+00
  -1.758944461400000E-14   6.797324870800000E-01   1.391890154100000E+00   1.597365177000000E+00   1.722972627800000E-01   7.108326497100000E+00
  -2.437721847500000E-14   6.753361329499999E-01   1.393807523400000E+00   1.599527034400000E+00   1.718506804200000E-01   7.140621648900000E+00
  -2.362493710500000E-14   6.709693123700000E-01   1.395698161300000E+00   1.601665935900000E+00   1.714083998100000E-01   7.173345303800000E+00
  -3.984595388700000E-14   6.666300819500000E-01   1.397554890400000E+00   1.603764166800000E+00   1.709705140500000E-01   7.206501507800000E+00
  -2.474284431800000E-14   6.622962258500000E-01   1.399381832400000E+00   1.605815246800000E+00   1.705371119600000E-01   7.240094429200000E+00
  -3.937894444300000E-14   6.579895482200000E-01   1.401171612900000E+00   1.607832496900000E+00   1.701082781300000E-01   7.274128359800000E+00
  -3.204921927000000E-14   6.537043852400000E-01   1.402940358000000E+00   1.609799503100000E+00   1.696840930000000E-01   7.308607716200000E+00
  -4.783688483900000E-14   6.494448795900000E-01   1.404679934300000E+00   1.611739752400000E+00   1.692646329400000E-01   7.343537041400000E+00
  -3.780970685400000E-14   6.452146982000000E-01   1.406397052600000E+00   1.613650430500000E+00   1.688499703100000E-01   7.378921005900000E+00
  -3.846290292400000E-14   6.409926657100000E-01   1.408077974600000E+00   1.615529672200000E+00   1.684401735200000E-01   7.414764409000000E+00
  -3.629460190500000E-14   6.367969872900000E-01   1.409730484700000E+00   1.617364224000000E+00   1.680353071500000E-01   7.451072180400000E+00
  -4.642040617900000E-14   6.326333336700000E-01   1.411337882800000E+00   1.619161691200000E+00   1.676354319600000E-01   7.487849381300000E+00
  -5.823209306500000E-14   6.284928209100000E-01   1.412933071600000E+00   1.620915775400000E+00   1.672406050100000E-01   7.525101206100000E+00
  -1.032668839600000E-13   6.243628131800000E-01   1.414500641600000E+00   1.622629647200000E+00   1.668508797000000E-01   7.562832983600000E+00
  -9.843806176900000E-14   6.202685915100000E-01   1.416048121600000E+00   1.624343374500000E+00   1.664663058400000E-01   7.601050178300000E+00
  -2.250036626200000E-13   6.161879646500000E-01   1.417562091300000E+00   1.625989816000000E+00   1.660869297400000E-01   7.639758392000000E+00
  -3.116666657000000E-13   6.121350446500000E-01   1.419048705300000E+00   1.627619732500000E+00   1.657127942400000E-01   7.678963365500000E+00
  -1.036212969000000E-12   6.081114318800001E-01   1.420514468700000E+00   1.629206936300000E+00   1.653439388200000E-01   7.718670979400000E+00
   7.368990468700000E-13   6.041161709400000E-01   1.421947111600000E+00   1.630778154600000E+00   1.649803996100000E-01   7.758887256300000E+00
   3.167861742500000E-13   6.001472536500000E-01   1.423353032100000E+00   1.632318521100000E+00   1.646222095200000E-01   7.799618361500000E+00
   1.133077823800000E-13   5.961922953100000E-01   1.424738486400000E+00   1.633805740200000E+00   1.642693982200000E-01   7.840870605100000E+00
   1.003921366800000E-13   5.922765976200000E-01   1.426091891900000E+00   1.635282847600000E+00   1.639219922800000E-01   7.882650443300000E+00
   7.128541518299999E-14   5.883733681700000E-01   1.427419210600000E+00   1.636719565500000E+00   1.635800151700000E-01   7.924964479600000E+00
   7.269632741500000E-14   5.845018181700000E-01   1.428720794800000E+00   1.638124653700000E+00   1.632434873600000E-01   7.967819466300000E+00
   6.634585246800000E-14   5.806553280500000E-01   1.429996502700000E+00   1.639491542600000E+00   1.629124263200000E-01   8.011222306700001E+00
   4.710829087100000E-14   5.768386812800000E-01   1.431246664500000E+00   1.640818652600000E+00   1.625868466400000E-01   8.055180055499999E+00
   3.109031427500000E-14   5.730529328700000E-01   1.432459006600000E+00   1.642144527800000E+00   1.622667600400000E-01   8.099699921099999E+00
   1.946223927900000E-14   5.692907741300000E-01   1.433658352500000E+00   1.643422565200000E+00   1.619521754500000E-01   8.144789266500000E+00
   1.953632780300000E-14   5.655591966800000E-01   1.434836906300000E+00   1.644696871300000E+00   1.616430990200000E-01   8.190455611100001E+00
   2.641620107700000E-14   5.618561198000001E-01   1.435999885200000E+00   1.645918640700000E+00   1.613395342100000E-01   8.236706632000001E+00
   1.283361494200000E-14   5.581811078900000E-01   1.437125381400000E+00   1.647132133700000E+00   1.610414818100000E-01   8.283550165599999E+00
   2.723325089700000E-14   5.545374348800000E-01   1.438226358300000E+00   1.648308188300000E+00   1.607489400200000E-01   8.330994208900000E+00
   1.141415559900000E-14   5.509224339700000E-01   1.439319027400000E+00   1.649454904400000E+00   1.604619044300000E-01   8.379046920600000E+00
   1.462943297600000E-14   5.473405886200000E-01   1.440374988500000E+00   1.650567606400000E+00   1.601803681500000E-01   8.427716623700000E+00
   2.327119375000000E-14   5.437907738000000E-01   1.441407171100000E+00   1.651643403900000E+00   1.599043217800000E-01   8.477011805300000E+00
   1.869700216200000E-14   5.402586038300000E-01   1.442414290200000E+00   1.652709844100000E+00   1.596337534900000E-01   8.526941118600000E+00
   2.168461852800000E-14   5.367611132600000E-01   1.443402327300000E+00   1.653756110500000E+00   1.593686490500000E-01   8.577513385400000E+00
   1.184087915600000E-14   5.332966793200000E-01   1.444367251200000E+00   1.654786638900000E+00   1.591089918500000E-01   8.628737595400001E+00
   1.300669055900000E-14   5.298668396000000E-01   1.445300208000000E+00   1.655775076700000E+00   1.588547629900000E-01   8.680622909300000E+00
   7.891087365800000E-15   5.264657692600000E-01   1.446222300700000E+00   1.656747526600000E+00   1.586059412600000E-01   8.733178659000000E+00
   1.094201596700000E-14   5.230985517900000E-01   1.447121910900000E+00   1.657685159100000E+00   1.583625032000000E-01   8.786414349699999E+00
   1.253863569800000E-14   5.197635466100000E-01   1.447979621400000E+00   1.658606086400000E+00   1.581244231500000E-01   8.840339660800000E+00
   9.927756526400000E-15   5.164624105300000E-01   1.448838624600000E+00   1.659493328600000E+00   1.578916732700000E-01   8.894964447100000E+00
   1.095851288500000E-14   5.131959079000000E-01   1.449675810200000E+00   1.660346365400000E+00   1.576642235600000E-01   8.950298740399999E+00
   1.181142088400000E-14   5.099712590500000E-01   1.450477714400000E+00   1.661194943500000E+00   1.574420419200000E-01   9.006352750700000E+00
   5.997966705100000E-15   5.067647940400000E-01   1.451274132300000E+00   1.662012922000000E+00   1.572250941900000E-01   9.063136867600001E+00
   7.758282844500000E-15   5.035940113500000E-01   1.452049261500000E+00   1.662833794700000E+00   1.570133441400000E-01   9.120661661000000E+00
   7.685554888900000E-15   5.004579458600000E-01   1.452789896700000E+00   1.663608873400000E+00   1.568067535500000E-01   9.178937883000000E+00
   4.014120503500000E-15   4.973619012500000E-01   1.453525731000000E+00   1.664378814200000E+00   1.566052822200000E-01   9.237976469400000E+00
   4.897060675600000E-15   4.943021492800000E-01   1.454240789100000E+00   1.665116651100000E+00   1.564088880100000E-01   9.297788539900001E+00
   4.926398385400000E-15   4.912731743700000E-01   1.454932235300000E+00   1.665830690000000E+00   1.562175268700000E-01   9.358385400600000E+00
   2.623004388600000E-15   4.882809690500000E-01   1.455607130900000E+00   1.666512549600000E+00   1.560311528900000E-01   9.419778544500000E+00
   6.665635357200000E-15   4.853259775800000E-01   1.456261607700000E+00   1.667167627000000E+00   1.558497183100000E-01   9.481979653600000E+00
   6.581155812400000E-15   4.824113164200000E-01   1.456880736000000E+00   1.667827494500000E+00   1.556731735700000E-01   9.545000599900000E+00
   8.520684505000000E-15   4.795279130200000E-01   1.457486963600000E+00   1.668473261300000E+00   1.555014673400000E-01   9.608853446199999E+00
   9.151397068700000E-15   4.766825349100000E-01   1.458088729200000E+00   1.669104198700000E+00   1.553345465900000E-01   9.673550449100000E+00
   5.653366233300000E-15   4.738842416100000E-01   1.458685493000000E+00   1.669695371100000E+00   1.551723565600000E-01   9.739104059800001E+00
   1.504494413700000E-15   4.711116331500000E-01   1.459243779700000E+00   1.670282602800000E+00   1.550148408600000E-01   9.805526924800001E+00
   4.063961361400000E-15   4.683778433500000E-01   1.459782317800000E+00   1.670840203800000E+00   1.548619415100000E-01   9.872831889500000E+00
   6.488165935700000E-15   4.656834897800000E-01   1.460305873200000E+00   1.671381648900000E+00   1.547135989200000E-01   9.941031998300000E+00
   3.712917158700000E-15   4.630277162500000E-01   1.460822208000000E+00   1.671891589600000E+00   1.545697520100000E-01   1.001014049800000E+01
   6.251574609200000E-15   4.604113414900000E-01   1.461319792300000E+00   1.672375740700000E+00   1.544303382000000E-01   1.008017083900000E+01
   4.289581275000000E-15   4.578443638100000E-01   1.461782885000000E+00   1.672875626600000E+00   1.542952935000000E-01   1.015113667600000E+01
   3.846673095700000E-15   4.553081913600000E-01   1.462233376100000E+00   1.673352720900000E+00   1.541645525200000E-01   1.022305187400000E+01
   3.072441078000000E-15   4.528064345900000E-01   1.462689781400000E+00   1.673827886900000E+00   1.540380485500000E-01   1.029593050900000E+01
   4.639963745600000E-15   4.503513809700000E-01   1.463126514900000E+00   1.674267405100000E+00   1.539157135800000E-01   1.036978686900000E+01
   4.360346426000000E-15   4.479291296500000E-01   1.463532192100000E+00   1.674700529100000E+00   1.537974784000000E-01   1.044463545800000E+01
   3.542848305100000E-15   4.455474661200000E-01   1.463929258500000E+00   1.675106450900000E+00   1.536832726000000E-01   1.052049099900000E+01
   1.427961818000000E-15   4.432053908700000E-01   1.464329565800000E+00   1.675503548600000E+00   1.535730247000000E-01   1.059736844200000E+01
   3.362259677700000E-15   4.409084456200000E-01   1.464691705100000E+00   1.675870911300000E+00   1.534666621200000E-01   1.067528295700000E+01
   2.295732606500000E-15   4.386522162000000E-01   1.465044540900000E+00   1.676211401400000E+00   1.533641113400000E-01   1.075424994800000E+01
   4.852694962900000E-15   4.364351483600000E-01   1.465403248500000E+00   1.676566307500000E+00   1.532652978800000E-01   1.083428505300000E+01
   3.751657378100000E-15   4.342561663600000E-01   1.465723543000000E+00   1.676917490300000E+00   1.531701464300000E-01   1.091540414700000E+01
   5.521739164000000E-15   4.321183486500000E-01   1.466042115200000E+00   1.677260658200000E+00   1.530785808800000E-01   1.099762335100000E+01
   3.123575199000000E-15   4.300262808600000E-01   1.466359506100000E+00   1.677566358100000E+00   1.529905244100000E-01   1.108095903400000E+01
   3.046051114200000E-15   4.279736291000000E-01   1.466641393400000E+00   1.677877000000000E+00   1.529058995500000E-01   1.116542781600000E+01
   2.133051344800000E-15   4.259620105700000E-01   1.466923988100000E+00   1.678162850600000E+00   1.528246282700000E-01   1.125104658100000E+01
   2.807540005700000E-15   4.239801979800000E-01   1.467205714000000E+00   1.678439990200000E+00   1.527466320300000E-01   1.133783247700000E+01
   2.385416588100000E-15   4.220492000800000E-01   1.467452269200000E+00   1.678698750200000E+00   1.526718319000000E-01   1.142580292500000E+01
   2.560482467600000E-15   4.201592415300000E-01   1.467699737700000E+00   1.678933082700000E+00   1.526001486000000E-01   1.151497562600000E+01
   2.862050050400000E-15   4.183078768500000E-01   1.467950314000000E+00   1.679184779200000E+00   1.525315026000000E-01   1.160536857100000E+01
   4.221500171900000E-15   4.164993917500000E-01   1.468164772900000E+00   1.679390687800000E+00   1.524658142100000E-01   1.169700004500000E+01
   3.795201235000000E-15   4.147317070000000E-01   1.468377585600000E+00   1.679616518000000E+00   1.524030036200000E-01   1.178988863600000E+01
   3.133191533000000E-15   4.130092615200000E-01   1.468593778400000E+00   1.679826545000000E+00   1.523429910500000E-01   1.188405324900000E+01
   2.287909541800000E-15   4.113199786800000E-01   1.468775112200000E+00   1.680048061100000E+00   1.522856967700000E-01   1.197951310600000E+01
   2.000755827600000E-15   4.096712428300000E-01   1.468976052700000E+00   1.680247142100000E+00   1.522310412400000E-01   1.207628777000000E+01
   2.881552319100000E-15   4.080620552600000E-01   1.469151167900000E+00   1.680422800800000E+00   1.521789451400000E-01   1.217439714400000E+01
   2.196423258900000E-15   4.064939216800000E-01   1.469316144300000E+00   1.680601354100000E+00   1.521293295100000E-01   1.227386148200000E+01
   3.709152659000000E-15   4.049656856200000E-01   1.469491527300000E+00   1.680757721400000E+00   1.520821157900000E-01   1.237470141400000E+01
   2.061584275900000E-15   4.034771971600000E-01   1.469641423500000E+00   1.680920355200000E+00   1.520372259300000E-01   1.247693794400000E+01
   2.117627763700000E-15   4.020279515100000E-01   1.469770099900000E+00   1.681056046700000E+00   1.519945824500000E-01   1.258059246600000E+01
   1.812771851600000E-15   4.006177793800000E-01   1.469924240800000E+00   1.681169679700000E+00   1.519541085500000E-01   1.268568678600000E+01
   2.456560470200000E-15   3.992467361700000E-01   1.470051624100000E+00   1.681312861500000E+00   1.519157281600000E-01   1.279224312900000E+01
   1.365540321300000E-15   3.979136414600000E-01   1.470168134100000E+00   1.681433307600000E+00   1.518793660500000E-01   1.290028415100000E+01
   1.897790145600000E-15   3.966186194800000E-01   1.470300310300000E+00   1.681576292700000E+00   1.518449478700000E-01   1.300983296300000E+01
   2.015206062400000E-15   3.953627985800000E-01   1.470392082600000E+00   1.681683411500000E+00   1.518124002600000E-01   1.312091314200000E+01
   2.707008078200000E-15   3.941432341400000E-01   1.470513150200000E+00   1.681803494100000E+00   1.517816509000000E-01   1.323354874800000E+01
   2.742833615600000E-15   3.929605132600000E-01   1.470621647900000E+00   1.681903160000000E+00   1.517526285800000E-01   1.334776434200000E+01
   2.092044333700000E-15   3.918115033000000E-01   1.470703289000000E+00   1.681998562600000E+00   1.517252632800000E-01   1.346358500600000E+01
   1.390303550400000E-15   3.907008499500000E-01   1.470801373900000E+00   1.682074885100000E+00   1.516994862000000E-01   1.358103635400000E+01
   1.930065361100000E-15   3.896257223300000E-01   1.470886974700000E+00   1.682130502200000E+00   1.516752298800000E-01   1.370014456200000E+01
   1.209524873500000E-15   3.885851726900000E-01   1.470948559400000E+00   1.682229735200000E+00   1.516524281900000E-01   1.382093638400000E+01
   5.018790653300000E-16   3.875794386700000E-01   1.471032593000000E+00   1.682270384800000E+00   1.516310164200000E-01   1.394343916300000E+01
   1.251336279200000E-15   3.866077353800000E-01   1.471104469800000E+00   1.682371034100000E+00   1.516109313200000E-01   1.406768086800000E+01
   2.101235263500000E-15   3.856722480700000E-01   1.471151106700000E+00   1.682415377800000E+00   1.515921111500000E-01   1.419369010800000E+01
   1.242317667900000E-15   3.847671920300000E-01   1.471223022200000E+00   1.682503425300000E+00   1.515744957000000E-01   1.432149614700000E+01
   8.349852871700000E-16   3.838944840500000E-01   1.471283059300000E+00   1.682572411000000E+00   1.515580263700000E-01   1.445112894400000E+01
   1.111551938400000E-15   3.830575034500000E-01   1.471329002400000E+00   1.682622951700000E+00   1.515426461500000E-01   1.458261916600000E+01
   1.112714831700000E-15   3.822477664000000E-01   1.471383125700000E+00   1.682673511100000E+00   1.515282996800000E-01   1.471599820400000E+01
   1.224663089100000E-15   3.814681226200000E-01   1.471425287200000E+00   1.682704472300000E+00   1.515149332500000E-01   1.485129821800000E+01
   1.910452918700000E-15   3.807125243300000E-01   1.471469332700000E+00   1.682744205300000E+00   1.515024948600000E-01   1.498855215100000E+01
   1.470940828600000E-15   3.799922471300000E-01   1.471499766000000E+00   1.682750024400000E+00   1.514909341900000E-01   1.512779375200000E+01
   1.917398197400000E-15   3.793007254800000E-01   1.471517790000000E+00   1.682812386400000E+00   1.514802026300000E-01   1.526905761100000E+01
   2.139587026700000E-15   3.786403972000000E-01   1.471578097400000E+00   1.682832170600000E+00   1.514702533000000E-01   1.541237918600000E+01
   1.881701766400000E-15   3.780041836900000E-01   1.471601311700000E+00   1.682891927500000E+00   1.514610410200000E-01   1.555779481900000E+01
   1.763161595400000E-15   3.773947878900000E-01   1.471612233100000E+00   1.682932960200000E+00   1.514525223300000E-01   1.570534178200000E+01
   1.530265131200000E-15   3.768151101900000E-01   1.471655497900000E+00   1.682959794400000E+00   1.514446554800000E-01   1.585505830200000E+01
   9.758019522000000E-16   3.762576853800000E-01   1.471661218700000E+00   1.682979236400000E+00   1.514374004300000E-01   1.600698358000000E+01
   1.194194698100000E-15   3.757250205800000E-01   1.471687848700000E+00   1.682978933200000E+00   1.514307188000000E-01   1.616115783800000E+01
   1.142872438100000E-15   3.752101296700000E-01   1.471715436800000E+00   1.683013315100000E+00   1.514245738900000E-01   1.631762234800000E+01
   1.113813036800000E-15   3.747249601000000E-01   1.471714579700000E+00   1.682999789400000E+00   1.514189306700000E-01   1.647641944200000E+01
   8.636643840100000E-16   3.742625529600000E-01   1.471753563600000E+00   1.683028062600000E+00   1.514137556900000E-01   1.663759258600000E+01
   1.249893357100000E-15   3.738228730400000E-01   1.471760656600000E+00   1.683054440000000E+00   1.514090171200000E-01   1.680118638000000E+01
   1.101994120500000E-15   3.734040052800000E-01   1.471791788700000E+00   1.683091253700000E+00   1.514046847100000E-01   1.696724661700000E+01
   1.380224695300000E-15   3.730058625300000E-01   1.471811607000000E+00   1.683108770200000E+00   1.514007297200000E-01   1.713582029900000E+01
   9.613369777500000E-16   3.726270447100000E-01   1.471813442200000E+00   1.683121689600000E+00   1.513971249100000E-01   1.730695569200000E+01
   9.142924988100000E-16   3.722683255600000E-01   1.471833902400000E+00   1.683122230900000E+00   1.513938445200000E-01   1.748070235100000E+01
   1.244959287600000E-15   3.719283333200000E-01   1.471842623200000E+00   1.683102205100000E+00   1.513908642000000E-01   1.765711116900000E+01
   5.792987374800000E-16   3.716063450100000E-01   1.471853293800000E+00   1.683109317700000E+00   1.513881609700000E-01   1.783623441800000E+01
   6.414774108700000E-16   3.713018184100000E-01   1.471858955200000E+00   1.683121648100000E+00   1.513857132300000E-01   1.801812577300000E+01
   7.288455466800000E-16   3.710140634800000E-01   1.471852184800000E+00   1.683158105000000E+00   1.513835006200000E-01   1.820284038100000E+01
   6.731105651600000E-16   3.707427457400000E-01   1.471875315200000E+00   1.683160957200000E+00   1.513815040800000E-01   1.839043489800000E+01
   8.723945732300000E-16   3.704865807200000E-01   1.471871458100000E+00   1.683180487800000E+00   1.513797057300000E-01   1.858096750900000E+01
   8.212930851600000E-16   3.702453011800000E-01   1.471854624900000E+00   1.683179391900000E+00   1.513780888500000E-01   1.877449801700000E+01
   7.887515916700000E-16   3.700182591800000E-01   1.471888713200000E+00   1.683189531600000E+00   1.513766378400000E-01   1.897108786900000E+01
   9.912214301500000E-16   3.698049282700000E-01   1.471877529500000E+00   1.683175084200000E+00   1.513753381600000E-01   1.917080019200000E+01
   7.860889313600000E-16   3.696046773300000E-01   1.471857638800000E+00   1.683138497200000E+00   1.513741762700000E-01   1.937369987900000E+01
   1.412675524400000E-15   3.694171954800000E-01   1.471877678300000E+00   1.683150280900000E+00   1.513731396400000E-01   1.957985362700000E+01
   6.528714810500000E-16   3.692413953100000E-01   1.471873129000000E+00   1.683168226300000E+00   1.513722166100000E-01   1.978932996800000E+01
   1.188867028200000E-15   3.690769682400000E-01   1.471898339700000E+00   1.683200428200000E+00   1.513713964500000E-01   2.000219937500000E+01
   9.032574327100000E-16   3.689258367800000E-01   1.471886899600000E+00   1.683204378500000E+00   1.513706692200000E-01   2.021853428700000E+01
   6.949899860700000E-16   3.687824233600000E-01   1.471907830800000E+00   1.683213164800000E+00   1.513700257800000E-01   2.043840917900000E+01
   8.587237043400000E-16   3.686487984900000E-01   1.471916171900000E+00   1.683199438000000E+00   1.513694577300000E-01   2.066190063300000E+01
   6.893130782800000E-16   3.685223543400000E-01   1.471910898000000E+00   1.683209172700000E+00   1.513689573600000E-01   2.088908740200000E+01
   6.263273913700000E-16   3.684069306400000E-01   1.471919300400000E+00   1.683179674400000E+00   1.513685176100000E-01   2.112005045800000E+01
   6.952130637200000E-16   3.682998325700000E-01   1.471914180300000E+00   1.683158562800000E+00   1.513681320600000E-01   2.135487310300000E+01
   5.870271989700000E-16   3.682002750200000E-01   1.471916674900000E+00   1.683145568300000E+00   1.513677948300000E-01   2.159364102700000E+01
   5.072182383500000E-16   3.681084780100000E-01   1.471922564400000E+00   1.683193335300000E+00   1.513675005900000E-01   2.183644235000000E+01
   6.410134956900000E-16   3.680236785700000E-01   1.471914415400000E+00   1.683219184000000E+00   1.513672445000000E-01   2.208336776900000E+01
   6.446880849300000E-16   3.679455581500000E-01   1.471893968300000E+00   1.683221727900000E+00   1.513670221900000E-01   2.233451060300000E+01
   4.460452519100000E-16   3.678735163100000E-01   1.471916531800000E+00   1.683220148100000E+00   1.513668297000000E-01   2.258996685600000E+01
   7.473644961900000E-16   3.678072797800000E-01   1.471925429200000E+00   1.683193548200000E+00   1.513666634900000E-01   2.284983536900000E+01
   6.464195393700000E-16   3.677469918100000E-01   1.471897239600000E+00   1.683200526200000E+00   1.513665203600000E-01   2.311421788600000E+01
   6.169776326500000E-16   3.676912549800000E-01   1.471886323200000E+00   1.683151849000000E+00   1.513663974500000E-01   2.338321910300000E+01
   8.087831358700000E-16   3.676402657100000E-01   1.471913252600000E+00   1.683187095200000E+00   1.513662922000000E-01   2.365694686400000E+01
   7.037161570200000E-16   3.675932285900000E-01   1.471906474500000E+00   1.683193050500000E+00   1.513662023600000E-01   2.393551221800000E+01
   5.032217629100000E-16   3.675508120600000E-01   1.471875332200000E+00   1.683221875100000E+00   1.513661258800000E-01   2.421902949200000E+01
   7.392566127000000E-16   3.675122205300000E-01   1.471907117600000E+00   1.683225024200000E+00   1.513660609900000E-01   2.450761649100000E+01
   5.827162739500000E-16   3.674771963800000E-01   1.471918498100000E+00   1.683227074500000E+00   1.513660061000000E-01   2.480139457800000E+01
   7.695325090800000E-16   3.674454309200000E-01   1.471892951800000E+00   1.683211014100000E+00   1.513659598200000E-01   2.510048875300000E+01
   7.649538074100000E-16   3.674166984100000E-01   1.471891421200000E+00   1.683166700800000E+00   1.513659209300000E-01   2.540502787700000E+01
   5.344869928600000E-16   3.673908160500000E-01   1.471926108900000E+00   1.683181269300000E+00   1.513658883600000E-01   2.571514476800000E+01
   5.273510591600000E-16   3.673674467700000E-01   1.471909630600000E+00   1.683172599500000E+00   1.513658611800000E-01   2.603097628900000E+01
   5.907844132600000E-16   3.673464413800000E-01   1.471875360700000E+00   1.683213959200000E+00   1.513658385700000E-01   2.635266359900000E+01
   4.293222542300000E-16   3.673275852400000E-01   1.471928270000000E+00   1.683212134500000E+00   1.513658198400000E-01   2.668035225900000E+01
   5.702184254600000E-16   3.673107320900000E-01   1.471918759400000E+00   1.683227848600000E+00   1.513658043800000E-01   2.701419236300000E+01
   7.075319380800000E-16   3.672956858500000E-01   1.471891167400000E+00   1.683214378700000E+00   1.513657916700000E-01   2.735433877700000E+01
   5.236498030100000E-16   3.672822720600000E-01   1.471926428400000E+00   1.683218257900000E+00   1.513657812600000E-01   2.770095129100000E+01
   8.203999396600000E-16   3.672703648800000E-01   1.471926015000000E+00   1.683178280600000E+00   1.513657727700000E-01   2.805419474800000E+01
   4.569073575600000E-16   3.672598121400000E-01   1.471907319800000E+00   1.683165439400000E+00   1.513657658700000E-01   2.841423934400000E+01
   3.861348221300000E-16   3.672505066700000E-01   1.471911285000000E+00   1.683144092900000E+00   1.513657602900000E-01   2.878126074600000E+01
   3.474684248800000E-16   3.672422811300000E-01   1.471927160600000E+00   1.683196685100000E+00   1.513657557900000E-01   2.915544038500000E+01
   2.386779302100000E-16   3.672350485400000E-01   1.471924930700000E+00   1.683225314300000E+00   1.513657521900000E-01   2.953696559100000E+01
   3.234595083600000E-16   3.672286949800000E-01   1.471904132400000E+00   1.683227338300000E+00   1.513657493100000E-01   2.992602991300000E+01
   3.557430442500000E-16   3.672231512900000E-01   1.471924908200000E+00   1.683217847200000E+00   1.513657470300000E-01   3.032283323300000E+01
   4.069551446200000E-16   3.672183185000000E-01   1.471927104500000E+00   1.683174524200000E+00   1.513657452200000E-01   3.072758219900000E+01
   3.223507525900000E-16   3.672141828600000E-01   1.471877978900000E+00   1.683185129500000E+00   1.513657438000000E-01   3.114049039900000E+01
   6.568182817100000E-16   3.672105338200000E-01   1.471912142200000E+00   1.683149834300000E+00   1.513657426900000E-01   3.156177858400000E+01
   3.903941461700000E-16   3.672073821400000E-01   1.471927709800000E+00   1.683205267200000E+00   1.513657418300000E-01   3.199167509400000E+01
   4.929088540500000E-16   3.672046508400000E-01   1.471893263000000E+00   1.683201113000000E+00   1.513657411600000E-01   3.243041609100000E+01
   4.444964702300000E-16   3.672023265500000E-01   1.471890574600000E+00   1.683227036300000E+00   1.513657406400000E-01   3.287824585500000E+01
   4.199859726500000E-16   3.672003391600000E-01   1.471919550900000E+00   1.683217743900000E+00   1.513657402500000E-01   3.333541720400000E+01
   4.688776499200000E-16   3.671986293900000E-01   1.471916179600000E+00   1.683218925100000E+00   1.513657399500000E-01   3.380219182300000E+01
   4.825243866000000E-16   3.671971940200000E-01   1.471881070600000E+00   1.683173649900000E+00   1.513657397200000E-01   3.427884054000000E+01
   3.659328400300000E-16   3.671959802400000E-01   1.471898856500000E+00   1.683151342300000E+00   1.513657395500000E-01   3.476564389200000E+01
   3.306427289000000E-16   3.671949685600000E-01   1.471925082100000E+00   1.683156276200000E+00   1.513657394200000E-01   3.526289245900000E+01
   2.530452399800000E-16   3.671941092900000E-01   1.471900664700000E+00   1.683210732200000E+00   1.513657393200000E-01   3.577088716800000E+01
   1.358305458200000E-16   3.671933912500000E-01   1.471876394500000E+00   1.683228047300000E+00   1.513657392500000E-01   3.628993999200000E+01
   4.072852635800000E-16   3.671928174800000E-01   1.471924545600000E+00   1.683228073600000E+00   1.513657392000000E-01   3.682037428500000E+01
   3.943519474600000E-16   3.671923181800000E-01   1.471926545800000E+00   1.683209177400000E+00   1.513657391700000E-01   3.736252525200000E+01
   2.963074012500000E-16   3.671919063200000E-01   1.471904259400000E+00   1.683148134300000E+00   1.513657391400000E-01   3.791674058700000E+01
   3.303492605000000E-16   3.671915551000000E-01   1.471899384500000E+00   1.683152120700000E+00   1.513657391200000E-01   3.848338094100000E+01
   2.482289172700000E-16   3.671912812700000E-01   1.471924705000000E+00   1.683189049400000E+00   1.513657391100000E-01   3.906282061300000E+01
   2.928977374800000E-16   3.671910586200000E-01   1.471926113100000E+00   1.683225261000000E+00   1.513657391000000E-01   3.965544803400000E+01
   4.351672787800000E-16   3.671908839300000E-01   1.471880674000000E+00   1.683227436400000E+00   1.513657390900000E-01   4.026166650900000E+01
   2.765021543700000E-16   3.671907379700000E-01   1.471916789400000E+00   1.683212973500000E+00   1.513657390900000E-01   4.088189488300000E+01
   2.918065714700000E-16   3.671906211100000E-01   1.471928537000000E+00   1.683152591800000E+00   1.513657390800000E-01   4.151656825900000E+01
   2.110537366400000E-16   3.671905269700000E-01   1.471878646300000E+00   1.683144759200000E+00   1.513657390800000E-01   4.216613874100000E+01
   3.729579065100000E-16   3.671904535300000E-01   1.471901552800000E+00   1.683189080000000E+00   1.513657390800000E-01   4.283107634800000E+01
   3.330711691100000E-16   3.671903957300000E-01   1.471926116200000E+00   1.683225952200000E+00   1.513657390800000E-01   4.351186969700000E+01
   4.557214065000000E-16   3.671903494300000E-01   1.471871491000000E+00   1.683227317800000E+00   1.513657390800000E-01   4.420902698300000E+01
   4.425237361300000E-16   3.671903145300000E-01   1.471913285100000E+00   1.683211718500000E+00   1.513657390800000E-01   4.492307702400000E+01
   4.496671528800000E-16   3.671902875900000E-01   1.471928534200000E+00   1.683145582700000E+00   1.513657390800000E-01   4.565457007900000E+01
   2.578148065700000E-16   3.671902677300000E-01   1.471917629400000E+00   1.683126575500000E+00   1.513657390800000E-01   4.640407903100000E+01
   2.884404129900000E-16   3.671902518000000E-01   1.471928297000000E+00   1.683195875700000E+00   1.513657390800000E-01   4.717220048700000E+01
   3.921620085800000E-16   3.671902397500000E-01   1.471908776700000E+00   1.683227676200000E+00   1.513657390800000E-01   4.795955595300000E+01
   2.178182835500000E-16   3.671902304700000E-01   1.471927989200000E+00   1.683227833200000E+00   1.513657390800000E-01   4.876679308500000E+01
   2.057901184900000E-16   3.671902238000000E-01   1.471905856100000E+00   1.683195455000000E+00   1.513657390800000E-01   4.959458708100000E+01
   2.329505137400000E-16   3.671902188600000E-01   1.471849567300000E+00   1.683116181100000E+00   1.513657390800000E-01   5.044364200900000E+01
   1.584092997600000E-16   3.671902153900000E-01   1.471862607200000E+00   1.683166334000000E+00   1.513657390800000E-01   5.131469237400000E+01
   1.950662557200000E-16   3.671902127300000E-01   1.471904806100000E+00   1.683221111700000E+00   1.513657390800000E-01   5.220850462800000E+01
   1.286364636100000E-16   3.671902108100000E-01   1.471927846100000E+00   1.683220837800000E+00   1.513657390800000E-01   5.312587896100000E+01
   2.556936946600000E-16   3.671902093600000E-01   1.471928328300000E+00   1.683202124400000E+00   1.513657390800000E-01   5.406765097700000E+01
   2.014866995500000E-16   3.671902084000000E-01   1.471914814500000E+00   1.683131383200000E+00   1.513657390800000E-01   5.503469381700000E+01
   3.141233423400000E-16   3.671902077400000E-01   1.471864069200000E+00   1.683208207100000E+00   1.513657390800000E-01   5.602791987900000E+01
   3.175519733800000E-16   3.671902075000000E-01   1.471901743900000E+00   1.683226127200000E+00   1.513657390800000E-01   5.704828313600000E+01
   2.798445555100000E-16   3.671902071200000E-01   1.471878136100000E+00   1.683210487200000E+00   1.513657390800000E-01   5.809678153600000E+01
   3.115819446600000E-16   3.671902068600000E-01   1.471920139100000E+00   1.683129385100000E+00   1.513657390800000E-01   5.917445921400000E+01
   2.394872087000000E-16   3.671902066900000E-01   1.471924057000000E+00   1.683174735200000E+00   1.513657390800000E-01   6.028240921700000E+01
   2.033403292300000E-16   3.671902065700000E-01   1.471923401600000E+00   1.683225417200000E+00   1.513657390800000E-01   6.142177634800000E+01
   2.192431412300000E-16   3.671902064900000E-01   1.471882202300000E+00   1.683210676600000E+00   1.513657390800000E-01   6.259375997400000E+01
   1.796701977700000E-16   3.671902066800000E-01   1.471861586700000E+00   1.683156626700000E+00   1.513657390800000E-01   6.379961722900000E+01
   2.099771336000000E-16   3.671902065600000E-01   1.471913923700000E+00   1.683179583600000E+00   1.513657390800000E-01   6.504066658200000E+01
   2.193275849100000E-16   3.671902064800000E-01   1.471928069600000E+00   1.683226951500000E+00   1.513657390800000E-01   6.631829112400000E+01
   1.227228028600000E-16   3.671902063400000E-01   1.471887790600000E+00   1.683212280100000E+00   1.513657390800000E-01   6.763394272300000E+01
   1.515189289100000E-16   3.671902063300000E-01   1.471925208400000E+00   1.683124637900000E+00   1.513657390800000E-01   6.898914577600000E+01
   2.015741613900000E-16   3.671902063300000E-01   1.471920264200000E+00   1.683195903800000E+00   1.513657390800000E-01   7.038550210900000E+01
   1.214376433900000E-16   3.671902063300000E-01   1.471917213700000E+00   1.683227863200000E+00   1.513657390800000E-01   7.182469542299999E+01
   1.600332590800000E-16   3.671902063300000E-01   1.471926613500000E+00   1.683181704100000E+00   1.513657390800000E-01   7.330849637199999E+01
   2.048637548600000E-16   3.671902063300000E-01   1.471888337000000E+00   1.683168724600000E+00   1.513657390800000E-01   7.483876813700000E+01
   8.491371729700000E-17   3.671902063400000E-01   1.471921230700000E+00   1.683227725500000E+00   1.513657390800000E-01   7.641747214199999E+01
   1.497757824300000E-16   3.671902063300000E-01   1.471923573800000E+00   1.683193318300000E+00   1.513657390800000E-01   7.804667461800000E+01
   6.550246579200000E-17   3.671902063300000E-01   1.471874412600000E+00   1.683147041600000E+00   1.513657390800000E-01   7.972855300099999E+01
   5.048558175500000E-17   3.671902059100000E-01   1.471928429100000E+00   1.683227653600000E+00   1.513657390800000E-01   8.146540338699999E+01
   6.095438495400000E-17   3.671902060200000E-01   1.471897769300000E+00   1.683191411300000E+00   1.513657390800000E-01   8.325964862500000E+01
   1.293844840800000E-16   3.671902061000000E-01   1.471884559800000E+00   1.683144973700000E+00   1.513657390800000E-01   8.511384632399999E+01
   6.339537775000000E-17   3.671902060500000E-01   1.471924588100000E+00   1.683227280700000E+00   1.513657390800000E-01   8.703069823000000E+01
   9.904115010000000E-17   3.671902061100000E-01   1.471873730300000E+00   1.683165921200000E+00   1.513657390800000E-01   8.901306024199999E+01
   1.588442553600000E-16   3.671902061600000E-01   1.471908710500000E+00   1.683173546500000E+00   1.513657390800000E-01   9.106395270700000E+01
   1.660211753500000E-16   3.671902059500000E-01   1.471926089100000E+00   1.683220103900000E+00   1.513657390800000E-01   9.318657215000000E+01
   6.197662315700000E-17   3.671902060100000E-01   1.471913154800000E+00   1.683126213500000E+00   1.513657390800000E-01   9.538430384700000E+01
   1.333157664400000E-16   3.671902060800000E-01   1.471863383200000E+00   1.683213829100000E+00   1.513657390800000E-01   9.766073511000000E+01
   1.048880987200000E-16   3.671902049500000E-01   1.471879291500000E+00   1.683154061100000E+00   1.513657390800000E-01   1.000196700400000E+02
   1.018105441100000E-16   3.671902054100000E-01   1.471926375900000E+00   1.683201294100000E+00   1.513657390800000E-01   1.024651456800000E+02
   6.990248000200001E-17   3.671902057300000E-01   1.471910092800000E+00   1.683222876200000E+00   1.513657390800000E-01   1.050014489300000E+02
   1.334017846000000E-16   3.671902003300000E-01   1.471871594900000E+00   1.683190392500000E+00   1.513657390800000E-01   1.076331355300000E+02
   1.060005499600000E-16   3.671902003200000E-01   1.471915649300000E+00   1.683225871800000E+00   1.513657390800000E-01   1.103650508800000E+02
   8.826308854600000E-17   3.671902010500000E-01   1.471923078300000E+00   1.683140069800000E+00   1.513657390800000E-01   1.132023517900000E+02
   9.783670175100000E-17   3.671902055300000E-01   1.471904214600000E+00   1.683224545800000E+00   1.513657390800000E-01   1.161505312500000E+02
   9.275151896300000E-17   3.671902057200000E-01   1.471894690600000E+00   1.683128252700000E+00   1.513657390800000E-01   1.192154451700000E+02
   1.375205292700000E-16   3.671902058700000E-01   1.471928484600000E+00   1.683217524100000E+00   1.513657390800000E-01   1.224033411800000E+02
   9.626888621200000E-17   3.671902057100000E-01   1.471910923400000E+00   1.683152535400000E+00   1.513657390800000E-01   1.257208906900000E+02
   1.018433569900000E-16   3.671902058900000E-01   1.471924056300000E+00   1.683227856700000E+00   1.513657390800000E-01   1.291752241400000E+02
   1.101781916500000E-16   3.671902060200000E-01   1.471852007200000E+00   1.683163890000000E+00   1.513657390800000E-01   1.327739689500000E+02
   9.485042922800000E-17   3.671901926900000E-01   1.471926389100000E+00   1.683205964600000E+00   1.513657390800000E-01   1.365252919300000E+02
   7.449030225400000E-17   3.671901977500000E-01   1.471860183400000E+00   1.683148312100000E+00   1.513657390800000E-01   1.404379460200000E+02
   8.479034787500000E-17   3.671902010500000E-01   1.471921409200000E+00   1.683228030100000E+00   1.513657390800000E-01   1.445213209600000E+02
   5.012604487700000E-17   3.671902021900000E-01   1.471918759800000E+00   1.683196233000000E+00   1.513657390800000E-01   1.487855000900000E+02
   9.572064493600000E-17   3.671902033500000E-01   1.471914121700000E+00   1.683216759600000E+00   1.513657390800000E-01   1.532413227700000E+02
   7.388352960600000E-17   3.671902042300000E-01   1.471880191400000E+00   1.683137376900000E+00   1.513657390800000E-01   1.579004533700000E+02
   6.213427329000000E-17   3.671901990800000E-01   1.471919462500000E+00   1.683188627700000E+00   1.513657390800000E-01   1.627754578400000E+02
   6.165285257600000E-17   3.671902016600000E-01   1.471875855800000E+00   1.683188379200000E+00   1.513657390800000E-01   1.678798888200000E+02
   5.215429456100000E-17   3.671902034200000E-01   1.471928561200000E+00   1.683217421800000E+00   1.513657390800000E-01   1.732283799400000E+02
   1.088410448900000E-16   3.671902039500000E-01   1.471903646600000E+00   1.683203388100000E+00   1.513657390800000E-01   1.788367510800000E+02
   7.796961010200000E-17   3.671902046800000E-01   1.471922038000000E+00   1.683186850300000E+00   1.513657390800000E-01   1.847221260500000E+02
   8.420619173800001E-17   3.671902052100000E-01   1.471866635500000E+00   1.683214978300000E+00   1.513657390800000E-01   1.909030632100000E+02
   4.825072225900000E-17   3.671902018600000E-01   1.471925774800000E+00   1.683194944900000E+00   1.513657390800000E-01   1.973997025400000E+02
   6.883966971500000E-17   3.671902038600000E-01   1.471887442100000E+00   1.683206435800000E+00   1.513657390800000E-01   2.042339307600000E+02
   5.079561226700000E-17   3.671902050000000E-01   1.471918405200000E+00   1.683164004700000E+00   1.513657390800000E-01   2.114295655100000E+02
   6.323206024700000E-17   3.671901732700000E-01   1.471908337000000E+00   1.683149572900000E+00   1.513657390800000E-01   2.190125641200000E+02
   4.923866696000000E-17   3.671901869600000E-01   1.471911245700000E+00   1.683224320900000E+00   1.513657390800000E-01   2.270112590300000E+02
   4.912248597500000E-17   3.671901953900000E-01   1.471909105100000E+00   1.683140516800000E+00   1.513657390800000E-01   2.354566227700000E+02
   5.147953545400000E-17   3.671901830300000E-01   1.471926711100000E+00   1.683205558200000E+00   1.513657390800000E-01   2.443825695800000E+02
   6.424718559600000E-17   3.671901930400000E-01   1.471874905100000E+00   1.683180469500000E+00   1.513657390800000E-01   2.538262974900000E+02
   1.241609450900000E-17   3.671901990700000E-01   1.471925979300000E+00   1.683216487900000E+00   1.513657390800000E-01   2.638286773700000E+02
   3.593998208500000E-17   3.671901844200000E-01   1.471902013200000E+00   1.683201212400000E+00   1.513657390800000E-01   2.744346975800000E+02
   2.792143441600000E-17   3.671901936600000E-01   1.471919053300000E+00   1.683176762100000E+00   1.513657390800000E-01   2.856939720000000E+02
   3.983877099700000E-17   3.671901993900000E-01   1.471884598400000E+00   1.683221206300000E+00   1.513657390800000E-01   2.976613238200000E+02
   3.558026318800000E-17   3.671901887300000E-01   1.471872048300000E+00   1.683187928800000E+00   1.513657390800000E-01   3.103974564000000E+02
   3.391125117500000E-17   3.671901967800000E-01   1.471922861800000E+00   1.683182136400000E+00   1.513657390800000E-01   3.239697267800000E+02
   2.838963698100000E-17   3.671902014500000E-01   1.471892862600000E+00   1.683222509100000E+00   1.513657390800000E-01   3.384530426100000E+02
   3.019642733200000E-17   3.671901924000000E-01   1.471902664400000E+00   1.683211783000000E+00   1.513657390800000E-01   3.539309017300000E+02
   4.071031899100000E-17   3.671901997800000E-01   1.471923904600000E+00   1.683212807500000E+00   1.513657390800000E-01   3.704966023600000E+02
   3.008775273600000E-17   3.671902034300000E-01   1.471847206000000E+00   1.683116627900000E+00   1.513657390800000E-01   3.882546603500000E+02
   2.883473379900000E-17   3.671901970100000E-01   1.471913373100000E+00   1.683207062200000E+00   1.513657390800000E-01   4.073224684900000E+02
   1.850923056700000E-17   3.671902024700000E-01   1.471868659100000E+00   1.683116127000000E+00   1.513657390800000E-01   4.278322501100000E+02
   2.240147536900000E-17   3.671902048300000E-01   1.471928354800000E+00   1.683220217300000E+00   1.513657390800000E-01   4.499333708700000E+02
   2.959646592700000E-17   3.671902045700000E-01   1.471928160500000E+00   1.683110202900000E+00   1.513657390800000E-01   4.737950793500000E+02
   2.509025867900000E-17   3.671902054000000E-01   1.471904457400000E+00   1.683200345000000E+00   1.513657390800000E-01   4.996097747500000E+02
   2.579143000100000E-17   3.671902058700000E-01   1.471864966500000E+00   1.683221233600000E+00   1.513657390800000E-01   5.275969211300001E+02
   2.593202977600000E-17   3.671901898900000E-01   1.471928456400000E+00   1.683191045600000E+00   1.513657390800000E-01   5.580077555900000E+02
   2.206487322600000E-17   3.671902005300000E-01   1.471896459700000E+00   1.683091061100000E+00   1.513657390800000E-01   5.911309833900000E+02
   2.207158267400000E-17   3.671902044700000E-01   1.471858660700000E+00   1.683189330800000E+00   1.513657390800000E-01   6.272997025800000E+02
   2.077267334100000E-17   3.671901836200000E-01   1.471923413600000E+00   1.683182038700000E+00   1.513657390800000E-01   6.668998720700000E+02
   1.661402136000000E-17   3.671901989700000E-01   1.471926802800000E+00   1.683113995900000E+00   1.513657390800000E-01   7.103807327100000E+02
   1.432493731700000E-17   3.671902042000000E-01   1.471893734600000E+00   1.683142457800000E+00   1.513657390800000E-01   7.582677066000000E+02
   9.551697036899999E-18   3.671901960200000E-01   1.471887074500000E+00   1.683222989400000E+00   1.513657390800000E-01   8.111784856600000E+02
   1.194862471900000E-17   3.671902035300000E-01   1.471908888700000E+00   1.683213274100000E+00   1.513657390800000E-01   8.698432384200000E+02
   8.566249122000001E-18   3.671902056700000E-01   1.471926373000000E+00   1.683185795300000E+00   1.513657390800000E-01   9.351301854700000E+02
   1.449946597000000E-17   3.671901510200000E-01   1.471923142300000E+00   1.683210982300000E+00   1.513657390800000E-01   1.008078254300000E+03
   1.104453533500000E-17   3.671901916600000E-01   1.471925511800000E+00   1.683217716100000E+00   1.513657390800000E-01   1.089939144900000E+03
   8.913330028699999E-18   3.671902030500000E-01   1.471928491300000E+00   1.683217950800000E+00   1.513657390800000E-01   1.182232046400000E+03
   5.138708396500000E-18   3.671901879700000E-01   1.471851506800000E+00   1.683194011900000E+00   1.513657390800000E-01   1.286815578500000E+03
   8.705699458000000E-18   3.671902026900000E-01   1.471860683200000E+00   1.683149619600000E+00   1.513657390800000E-01   1.405983462700000E+03
   5.210545138300000E-18   3.671902057600000E-01   1.471854818800000E+00   1.683105338000000E+00   1.513657390800000E-01   1.542593350900000E+03
   6.005770524400000E-18   3.671902047900000E-01   1.471927396800000E+00   1.683208101900000E+00   1.513657390800000E-01   1.700242712700000E+03
   7.276316631800000E-18   3.671902059700000E-01   1.471923203800000E+00   1.683084229800000E+00   1.513657390800000E-01   1.883512609000000E+03
   6.472996447800000E-18   3.671902061700000E-01   1.471902788200000E+00   1.683169342600000E+00   1.513657390800000E-01   2.098311240500000E+03
   5.402023840400000E-18   3.671902055500000E-01   1.471893789500000E+00   1.683226743200000E+00   1.513657390800000E-01   2.352367189100000E+03
   3.292120149500000E-18   3.671902062700000E-01   1.471884168000000E+00   1.683092474100000E+00   1.513657390800000E-01   2.655952438700000E+03
   2.726747899700000E-18   3.671902063300000E-01   1.471927973400000E+00   1.683228056100000E+00   1.513657390800000E-01   3.022967420800000E+03
   1.398328161300000E-18   3.671902062600000E-01   1.471924760000000E+00   1.683211343600000E+00   1.513657390800000E-01   3.472613397600000E+03
   2.079574452400000E-18   3.671902063200000E-01   1.471794639000000E+00   1.683126688200000E+00   1.513657390800000E-01   4.032050609700000E+03
   1.454474779800000E-18   3.671902063300000E-01   1.471928615300000E+00   1.683101805700000E+00   1.513657390700000E-01   4.740777193900000E+03
   1.884615555700000E-18   3.671902063000000E-01   1.471856868700000E+00   1.683217028200000E+00   1.513657390800000E-01   5.658154484400000E+03
   1.523864824300000E-18   3.671902063300000E-01   1.471819862900000E+00   1.683202687900000E+00   1.513657390800000E-01   6.877014875100000E+03
   1.234556161500000E-18   3.671902063300000E-01   1.471764210800000E+00   1.683128593000000E+00   1.513657390700000E-01   8.549860526300001E+03
   9.073459433200000E-19   3.671902062300000E-01   1.471919857900000E+00   1.683221031300000E+00   1.513657390800000E-01   1.094347875300000E+04
   5.778061943400000E-19   3.671902063300000E-01   1.471713844900000E+00   1.683220294000000E+00   1.513657390800000E-01   1.456542376600000E+04
   4.878048726300000E-19   3.671902063300000E-01   1.471738858900000E+00   1.682985587600000E+00   1.513657390700000E-01   1.703719047000000E+04
   5.063085350000000E-19   3.671902057800000E-01   1.471902244800000E+00   1.683163426500000E+00   1.513657390800000E-01   2.013181314400000E+04
   4.071963455600000E-19   3.671902063200000E-01   1.471874255600000E+00   1.683178920500000E+00   1.513657390800000E-01   2.417023992000000E+04
   3.150037676000000E-19   3.671902063300000E-01   1.471727721600000E+00   1.683149262300000E+00   1.513657390700000E-01   2.959229337700000E+04
   1.998839036900000E-19   3.671902059800000E-01   1.471862207900000E+00   1.683222095800000E+00   1.513657390800000E-01   3.712176789900000E+04
   1.329152369100000E-19   3.671902063200000E-01   1.471689333000000E+00   1.682986711700000E+00   1.513657390700000E-01   4.765630800000000E+04
   2.023352390800000E-19   3.671902063000000E-01   1.471580054900000E+00   1.683225592000000E+00   1.513657390600000E-01   6.436683119400000E+04
   1.501889579900000E-19   3.671902057200000E-01   1.471923146000000E+00   1.683132278800000E+00   1.513657390800000E-01   7.597901906200001E+04
   1.244768875300000E-19   3.671902063200000E-01   1.471911082400000E+00   1.683110206900000E+00   1.513657390800000E-01   9.070512039100000E+04
   8.560217191400000E-20   3.671902063200000E-01   1.471919904200000E+00   1.683075298800000E+00   1.513657390800000E-01   9.116106450900000E+04
   8.929258692200000E-20   3.671902058700000E-01   1.471851340300000E+00   1.683220855000000E+00   1.513657390800000E-01   1.229482437700000E+05
   3.307188707800000E-20   3.671902062200000E-01   1.471813424100000E+00   1.683174619300000E+00   1.513657390000000E-01   1.800373821100000E+05
   6.270235128700000E-20   3.671902049700000E-01   1.471699651700000E+00   1.682470862600000E+00   1.513657381900000E-01   2.236095672400000E+05
   3.435528483300000E-20   3.671902062100000E-01   1.471885664900000E+00   1.683219651200000E+00   1.513657390800000E-01   2.829728612400000E+05
   3.270297857600000E-20   3.671902063300000E-01   1.471911714400000E+00   1.683227839000000E+00   1.513657390700000E-01   3.706693445300000E+05
   1.083475007100000E-20   3.671902062400000E-01   1.471923386200000E+00   1.682719891600000E+00   1.513657390200000E-01   5.096977401000000E+05
   1.648652466200000E-20   3.671902057400000E-01   1.471910471200000E+00   1.683163594000000E+00   1.513657390800000E-01   6.080658190500000E+05
   1.470078338900000E-20   3.671902063200000E-01   1.471855442300000E+00   1.683163158600000E+00   1.513657390700000E-01   7.346618522800000E+05
   1.073181517500000E-20   3.671902063200000E-01   1.471778304600000E+00   1.683191865700000E+00   1.513657390700000E-01   9.064232927900000E+05
   5.920425822400000E-21   3.671902058800000E-01   1.471924914900000E+00   1.683175607700000E+00   1.513657390700000E-01   1.148716019700000E+06
   5.062878874800000E-21   3.671902063300000E-01   1.471894758500000E+00   1.683207943800000E+00   1.513657390700000E-01   1.508293522400000E+06
   6.227890559100000E-21   3.671902063300000E-01   1.471895167500000E+00   1.683225601500000E+00   1.513657390700000E-01   1.750059545100000E+06
   4.740117635900000E-21   3.671902048500000E-01   1.471829509100000E+00   1.683094249900000E+00   1.513657390800000E-01   2.049350902100000E+06
   6.836943539600000E-21   3.671902057700000E-01   1.471928144500000E+00   1.683221596200000E+00   1.513657390800000E-01   2.148199051300000E+06
   4.197089536200000E-21   3.671902063200000E-01   1.471793273500000E+00   1.683225619400000E+00   1.513657390700000E-01   2.554044601100000E+06
   3.372307987500000E-21   3.671901993700000E-01   1.471815077400000E+00   1.683206976100000E+00   1.513657390700000E-01   3.101168730300000E+06
   1.875459050300000E-21   3.671902062400000E-01   1.471927709400000E+00   1.683225259700000E+00   1.513657390700000E-01   3.851148935500000E+06
   1.564547739500000E-21   3.671902062500000E-01   1.471888299400000E+00   1.682838435000000E+00   1.513657390200000E-01   4.674959682100000E+06
   1.619170714600000E-21   3.671902063200000E-01   1.471921810300000E+00   1.683227324200000E+00   1.513657390700000E-01   7.134174411100000E+06
   7.742288154800000E-22   3.671902062900000E-01   1.471906202900000E+00   1.682953524500000E+00   1.513657390500000E-01   8.364429056700000E+06
   4.708216355300000E-22   3.671902056300000E-01   1.471922090200000E+00   1.682965734600000E+00   1.513657386200000E-01   1.278158893000000E+07
   4.546142143900000E-22   3.671902062900000E-01   1.471819239800000E+00   1.683175656300000E+00   1.513657390800000E-01   1.667981412100000E+07
   2.238709632600000E-22   3.671902063300000E-01   1.471832740100000E+00   1.683020743600000E+00   1.513657390800000E-01   1.865923473400000E+07
   3.408871940500000E-22   3.671902063300000E-01   1.471913063700000E+00   1.683196151300000E+00   1.513657390700000E-01   2.150877946000000E+07
   2.675099178300000E-22   3.671867690800000E-01   1.471851158700000E+00   1.682737151500000E+00   1.513657387100000E-01   2.166861093300000E+07
   3.860482976100000E-22   3.671900765400000E-01   1.471890299400000E+00   1.682814681700000E+00   1.513657341700000E-01   2.756814972800000E+07
   2.483787987800000E-22   3.671901793200000E-01   1.471173838300000E+00   1.682550140400000E+00   1.513657221600000E-01   3.664491853200000E+07
   2.812179713200000E-22   3.671868973700000E-01   1.471783926800000E+00   1.682998510500000E+00   1.513657388100000E-01   3.790042877600000E+07
   2.063344750300000E-22   3.671900906600000E-01   1.471904398300000E+00   1.682305021100000E+00   1.513657377500000E-01   4.820443936700000E+07
   2.245625057800000E-22   3.671901403900000E-01   1.471914632100000E+00   1.682303347400000E+00   1.513657377200000E-01   4.996898944200000E+07
   2.332604081900000E-22   3.671533099900000E-01   1.471007694600000E+00   1.682709473400000E+00   1.513656964900000E-01   5.668590228000000E+07
   1.257744815900000E-22   3.671515414500000E-01   1.471420335200000E+00   1.682508468700000E+00   1.513656964200000E-01   5.638600432200000E+07
   1.682814154000000E-22   3.671513288000000E-01   1.471099503400000E+00   1.682779365600000E+00   1.513656979300000E-01   5.638805483000000E+07
   1.804246564200000E-22   3.602377066600000E-01   1.468320416900000E+00   1.680480698800000E+00   1.513571860000000E-01   5.706245941200000E+07
   1.804246564200000E-22   3.602377066600000E-01   1.468320416900000E+00   1.680480698800000E+00   1.513571860000000E-01   5.706245941200000E+07

